E=500     
    2.00   0.15657E+07   0.11241E-07
    2.20   0.10670E+07   0.18066E-07
    2.40   0.75012E+06   0.25976E-07
    2.60   0.54104E+06   0.34907E-07
    2.80   0.39872E+06   0.44795E-07
    3.00   0.29923E+06   0.55579E-07
    3.20   0.22808E+06   0.67201E-07
    3.40   0.17620E+06   0.79605E-07
    3.60   0.13771E+06   0.92739E-07
    3.80   0.10873E+06   0.10655E-06
    4.00   0.86608E+05   0.12100E-06
    4.20   0.69531E+05   0.13604E-06
    4.40   0.56208E+05   0.15163E-06
    4.60   0.45717E+05   0.16773E-06
    4.80   0.37386E+05   0.18429E-06
    5.00   0.30721E+05   0.20129E-06
    5.20   0.25353E+05   0.21868E-06
    5.40   0.21003E+05   0.23642E-06
    5.60   0.17459E+05   0.25448E-06
    5.80   0.14557E+05   0.27282E-06
    6.00   0.12170E+05   0.29140E-06
    6.20   0.10199E+05   0.31018E-06
    6.40   0.85655E+04   0.32912E-06
    6.60   0.72069E+04   0.34818E-06
    6.80   0.60738E+04   0.36732E-06
    7.00   0.51263E+04   0.38649E-06
    7.20   0.43319E+04   0.40565E-06
    7.40   0.36646E+04   0.42475E-06
    7.60   0.31030E+04   0.44373E-06
    7.80   0.26295E+04   0.46255E-06
    8.00   0.22296E+04   0.48115E-06
    8.20   0.18916E+04   0.49948E-06
    8.40   0.16055E+04   0.51748E-06
    8.60   0.13632E+04   0.53509E-06
    8.80   0.11577E+04   0.55225E-06
    9.00   0.98338E+03   0.56890E-06
    9.20   0.83541E+03   0.58498E-06
    9.40   0.70978E+03   0.60044E-06
    9.60   0.60307E+03   0.61520E-06
    9.80   0.51244E+03   0.62924E-06
   10.00   0.43544E+03   0.64250E-06
   10.20   0.37005E+03   0.65494E-06
   10.40   0.31451E+03   0.66656E-06
   10.60   0.26736E+03   0.67734E-06
   10.80   0.22733E+03   0.68730E-06
   11.00   0.19337E+03   0.69649E-06
   11.20   0.16457E+03   0.70499E-06
   11.40   0.14016E+03   0.71291E-06
   11.60   0.11947E+03   0.72042E-06
   11.80   0.10194E+03   0.72774E-06
   12.00   0.87107E+02   0.73514E-06
   12.20   0.74553E+02   0.74296E-06
   12.40   0.63932E+02   0.75160E-06
   12.60   0.54949E+02   0.76151E-06
   12.80   0.47351E+02   0.77320E-06
   13.00   0.40925E+02   0.78721E-06
   13.20   0.35487E+02   0.80410E-06
   13.40   0.30884E+02   0.82441E-06
   13.60   0.26983E+02   0.84867E-06
   13.80   0.23674E+02   0.87729E-06
   14.00   0.20861E+02   0.91062E-06
   14.20   0.18464E+02   0.94884E-06
   14.40   0.16418E+02   0.99201E-06
   14.60   0.14663E+02   0.10400E-05
   14.80   0.13154E+02   0.10925E-05
   15.00   0.11850E+02   0.11492E-05
E=550     
    2.00   0.12887E+07   0.17908E-07
    2.20   0.87581E+06   0.26612E-07
    2.40   0.61365E+06   0.36540E-07
    2.60   0.44093E+06   0.47608E-07
    2.80   0.32355E+06   0.59738E-07
    3.00   0.24167E+06   0.72852E-07
    3.20   0.18327E+06   0.86880E-07
    3.40   0.14079E+06   0.10175E-06
    3.60   0.10938E+06   0.11741E-06
    3.80   0.85804E+05   0.13380E-06
    4.00   0.67885E+05   0.15085E-06
    4.20   0.54109E+05   0.16852E-06
    4.40   0.43410E+05   0.18676E-06
    4.60   0.35026E+05   0.20550E-06
    4.80   0.28405E+05   0.22471E-06
    5.00   0.23137E+05   0.24434E-06
    5.20   0.18921E+05   0.26432E-06
    5.40   0.15526E+05   0.28462E-06
    5.60   0.12779E+05   0.30518E-06
    5.80   0.10546E+05   0.32595E-06
    6.00   0.87229E+04   0.34688E-06
    6.20   0.72297E+04   0.36790E-06
    6.40   0.60025E+04   0.38896E-06
    6.60   0.49911E+04   0.41000E-06
    6.80   0.41553E+04   0.43096E-06
    7.00   0.34631E+04   0.45176E-06
    7.20   0.28888E+04   0.47234E-06
    7.40   0.24115E+04   0.49263E-06
    7.60   0.20141E+04   0.51254E-06
    7.80   0.16830E+04   0.53201E-06
    8.00   0.14068E+04   0.55095E-06
    8.20   0.11762E+04   0.56929E-06
    8.40   0.98353E+03   0.58695E-06
    8.60   0.82252E+03   0.60384E-06
    8.80   0.68792E+03   0.61991E-06
    9.00   0.57538E+03   0.63507E-06
    9.20   0.48129E+03   0.64928E-06
    9.40   0.40262E+03   0.66250E-06
    9.60   0.33688E+03   0.67472E-06
    9.80   0.28194E+03   0.68594E-06
   10.00   0.23606E+03   0.69622E-06
   10.20   0.19777E+03   0.70564E-06
   10.40   0.16581E+03   0.71436E-06
   10.60   0.13917E+03   0.72260E-06
   10.80   0.11696E+03   0.73065E-06
   11.00   0.98464E+02   0.73889E-06
   11.20   0.83064E+02   0.74778E-06
   11.40   0.70246E+02   0.75788E-06
   11.60   0.59580E+02   0.76982E-06
   11.80   0.50704E+02   0.78430E-06
   12.00   0.43315E+02   0.80206E-06
   12.20   0.37162E+02   0.82383E-06
   12.40   0.32031E+02   0.85030E-06
   12.60   0.27746E+02   0.88204E-06
   12.80   0.24161E+02   0.91949E-06
   13.00   0.21153E+02   0.96288E-06
   13.20   0.18621E+02   0.10122E-05
   13.40   0.16479E+02   0.10673E-05
   13.60   0.14660E+02   0.11277E-05
   13.80   0.13105E+02   0.11927E-05
   14.00   0.11767E+02   0.12616E-05
   14.20   0.10609E+02   0.13335E-05
   14.40   0.95980E+01   0.14076E-05
   14.60   0.87091E+01   0.14828E-05
   14.80   0.79214E+01   0.15585E-05
   15.00   0.72180E+01   0.16338E-05
E=600     
    2.00   0.10763E+07   0.25597E-07
    2.20   0.72905E+06   0.36316E-07
    2.40   0.50887E+06   0.48389E-07
    2.60   0.36406E+06   0.61714E-07
    2.80   0.26586E+06   0.76195E-07
    3.00   0.19753E+06   0.91740E-07
    3.20   0.14893E+06   0.10827E-06
    3.40   0.11371E+06   0.12569E-06
    3.60   0.87752E+05   0.14395E-06
    3.80   0.68354E+05   0.16296E-06
    4.00   0.53675E+05   0.18266E-06
    4.20   0.42444E+05   0.20298E-06
    4.40   0.33769E+05   0.22386E-06
    4.60   0.27009E+05   0.24523E-06
    4.80   0.21703E+05   0.26704E-06
    5.00   0.17509E+05   0.28921E-06
    5.20   0.14175E+05   0.31168E-06
    5.40   0.11511E+05   0.33437E-06
    5.60   0.93718E+04   0.35723E-06
    5.80   0.76472E+04   0.38017E-06
    6.00   0.62517E+04   0.40312E-06
    6.20   0.51191E+04   0.42599E-06
    6.40   0.41972E+04   0.44870E-06
    6.60   0.34450E+04   0.47116E-06
    6.80   0.28301E+04   0.49328E-06
    7.00   0.23265E+04   0.51497E-06
    7.20   0.19135E+04   0.53611E-06
    7.40   0.15744E+04   0.55662E-06
    7.60   0.12957E+04   0.57638E-06
    7.80   0.10666E+04   0.59531E-06
    8.00   0.87803E+03   0.61329E-06
    8.20   0.72287E+03   0.63024E-06
    8.40   0.59517E+03   0.64609E-06
    8.60   0.49008E+03   0.66077E-06
    8.80   0.40362E+03   0.67427E-06
    9.00   0.33252E+03   0.68658E-06
    9.20   0.27407E+03   0.69778E-06
    9.40   0.22605E+03   0.70797E-06
    9.60   0.18663E+03   0.71737E-06
    9.80   0.15428E+03   0.72627E-06
   10.00   0.12776E+03   0.73508E-06
   10.20   0.10602E+03   0.74433E-06
   10.40   0.88221E+02   0.75467E-06
   10.60   0.73644E+02   0.76688E-06
   10.80   0.61710E+02   0.78183E-06
   11.00   0.51936E+02   0.80046E-06
   11.20   0.43927E+02   0.82373E-06
   11.40   0.37357E+02   0.85252E-06
   11.60   0.31957E+02   0.88759E-06
   11.80   0.27507E+02   0.92948E-06
   12.00   0.23829E+02   0.97846E-06
   12.20   0.20776E+02   0.10345E-05
   12.40   0.18228E+02   0.10971E-05
   12.60   0.16088E+02   0.11658E-05
   12.80   0.14278E+02   0.12394E-05
   13.00   0.12734E+02   0.13171E-05
   13.20   0.11407E+02   0.13976E-05
   13.40   0.10255E+02   0.14797E-05
   13.60   0.92463E+01   0.15624E-05
   13.80   0.83548E+01   0.16446E-05
   14.00   0.75604E+01   0.17255E-05
   14.20   0.68470E+01   0.18044E-05
   14.40   0.62022E+01   0.18806E-05
   14.60   0.56161E+01   0.19538E-05
   14.80   0.50810E+01   0.20235E-05
   15.00   0.45909E+01   0.20894E-05
E=650     
    2.00   0.90967E+06   0.34251E-07
    2.20   0.61385E+06   0.47102E-07
    2.40   0.42661E+06   0.61430E-07
    2.60   0.30374E+06   0.77113E-07
    2.80   0.22062E+06   0.94036E-07
    3.00   0.16297E+06   0.11209E-06
    3.20   0.12210E+06   0.13119E-06
    3.40   0.92587E+05   0.15122E-06
    3.60   0.70935E+05   0.17212E-06
    3.80   0.54829E+05   0.19378E-06
    4.00   0.42703E+05   0.21613E-06
    4.20   0.33477E+05   0.23909E-06
    4.40   0.26393E+05   0.26258E-06
    4.60   0.20909E+05   0.28651E-06
    4.80   0.16634E+05   0.31080E-06
    5.00   0.13280E+05   0.33536E-06
    5.20   0.10634E+05   0.36010E-06
    5.40   0.85379E+04   0.38494E-06
    5.60   0.68694E+04   0.40976E-06
    5.80   0.55368E+04   0.43447E-06
    6.00   0.44692E+04   0.45896E-06
    6.20   0.36116E+04   0.48311E-06
    6.40   0.29212E+04   0.50681E-06
    6.60   0.23644E+04   0.52992E-06
    6.80   0.19146E+04   0.55232E-06
    7.00   0.15509E+04   0.57389E-06
    7.20   0.12566E+04   0.59449E-06
    7.40   0.10182E+04   0.61399E-06
    7.60   0.82518E+03   0.63230E-06
    7.80   0.66878E+03   0.64931E-06
    8.00   0.54209E+03   0.66495E-06
    8.20   0.43951E+03   0.67920E-06
    8.40   0.35648E+03   0.69208E-06
    8.60   0.28933E+03   0.70371E-06
    8.80   0.23505E+03   0.71427E-06
    9.00   0.19121E+03   0.72409E-06
    9.20   0.15582E+03   0.73362E-06
    9.40   0.12729E+03   0.74348E-06
    9.60   0.10429E+03   0.75447E-06
    9.80   0.85755E+02   0.76754E-06
   10.00   0.70828E+02   0.78378E-06
   10.20   0.58799E+02   0.80439E-06
   10.40   0.49099E+02   0.83057E-06
   10.60   0.41266E+02   0.86343E-06
   10.80   0.34925E+02   0.90385E-06
   11.00   0.29776E+02   0.95243E-06
   11.20   0.25577E+02   0.10093E-05
   11.40   0.22134E+02   0.10743E-05
   11.60   0.19291E+02   0.11466E-05
   11.80   0.16925E+02   0.12252E-05
   12.00   0.14939E+02   0.13087E-05
   12.20   0.13253E+02   0.13958E-05
   12.40   0.11809E+02   0.14848E-05
   12.60   0.10557E+02   0.15745E-05
   12.80   0.94612E+01   0.16635E-05
   13.00   0.84927E+01   0.17509E-05
   13.20   0.76291E+01   0.18356E-05
   13.40   0.68534E+01   0.19171E-05
   13.60   0.61525E+01   0.19946E-05
   13.80   0.55161E+01   0.20680E-05
   14.00   0.49366E+01   0.21367E-05
   14.20   0.44080E+01   0.22005E-05
   14.40   0.39254E+01   0.22593E-05
   14.60   0.34851E+01   0.23129E-05
   14.80   0.30838E+01   0.23610E-05
   15.00   0.27189E+01   0.24035E-05
E=700     
    2.00   0.77637E+06   0.43813E-07
    2.20   0.52170E+06   0.58899E-07
    2.40   0.36084E+06   0.75575E-07
    2.60   0.25554E+06   0.93699E-07
    2.80   0.18453E+06   0.11314E-06
    3.00   0.13544E+06   0.13377E-06
    3.20   0.10078E+06   0.15548E-06
    3.40   0.75856E+05   0.17817E-06
    3.60   0.57660E+05   0.20172E-06
    3.80   0.44196E+05   0.22603E-06
    4.00   0.34118E+05   0.25101E-06
    4.20   0.26497E+05   0.27654E-06
    4.40   0.20685E+05   0.30254E-06
    4.60   0.16219E+05   0.32889E-06
    4.80   0.12763E+05   0.35548E-06
    5.00   0.10075E+05   0.38219E-06
    5.20   0.79732E+04   0.40891E-06
    5.40   0.63230E+04   0.43550E-06
    5.60   0.50227E+04   0.46183E-06
    5.80   0.39951E+04   0.48776E-06
    6.00   0.31808E+04   0.51314E-06
    6.20   0.25344E+04   0.53780E-06
    6.40   0.20203E+04   0.56160E-06
    6.60   0.16111E+04   0.58437E-06
    6.80   0.12850E+04   0.60595E-06
    7.00   0.10250E+04   0.62620E-06
    7.20   0.81767E+03   0.64499E-06
    7.40   0.65238E+03   0.66222E-06
    7.60   0.52063E+03   0.67784E-06
    7.80   0.41567E+03   0.69188E-06
    8.00   0.33210E+03   0.70445E-06
    8.20   0.26562E+03   0.71580E-06
    8.40   0.21279E+03   0.72631E-06
    8.60   0.17083E+03   0.73660E-06
    8.80   0.13754E+03   0.74746E-06
    9.00   0.11114E+03   0.75994E-06
    9.20   0.90213E+02   0.77528E-06
    9.40   0.73627E+02   0.79490E-06
    9.60   0.60471E+02   0.82031E-06
    9.80   0.50024E+02   0.85294E-06
   10.00   0.41709E+02   0.89404E-06
   10.20   0.35068E+02   0.94444E-06
   10.40   0.29740E+02   0.10045E-05
   10.60   0.25439E+02   0.10739E-05
   10.80   0.21939E+02   0.11519E-05
   11.00   0.19066E+02   0.12371E-05
   11.20   0.16682E+02   0.13278E-05
   11.40   0.14681E+02   0.14223E-05
   11.60   0.12981E+02   0.15187E-05
   11.80   0.11518E+02   0.16153E-05
   12.00   0.10245E+02   0.17106E-05
   12.20   0.91250E+01   0.18033E-05
   12.40   0.81306E+01   0.18926E-05
   12.60   0.72410E+01   0.19776E-05
   12.80   0.64404E+01   0.20577E-05
   13.00   0.57171E+01   0.21326E-05
   13.20   0.50620E+01   0.22018E-05
   13.40   0.44682E+01   0.22652E-05
   13.60   0.39303E+01   0.23224E-05
   13.80   0.34436E+01   0.23733E-05
   14.00   0.30045E+01   0.24176E-05
   14.20   0.26097E+01   0.24550E-05
   14.40   0.22561E+01   0.24853E-05
   14.60   0.19408E+01   0.25081E-05
   14.80   0.16612E+01   0.25232E-05
   15.00   0.14146E+01   0.25300E-05
E=750     
    2.00   0.66802E+06   0.54227E-07
    2.20   0.44682E+06   0.71637E-07
    2.40   0.30744E+06   0.90742E-07
    2.60   0.21646E+06   0.11138E-06
    2.80   0.15532E+06   0.13339E-06
    3.00   0.11321E+06   0.15665E-06
    3.20   0.83614E+05   0.18101E-06
    3.40   0.62437E+05   0.20635E-06
    3.60   0.47058E+05   0.23255E-06
    3.80   0.35745E+05   0.25947E-06
    4.00   0.27332E+05   0.28700E-06
    4.20   0.21014E+05   0.31501E-06
    4.40   0.16232E+05   0.34336E-06
    4.60   0.12586E+05   0.37192E-06
    4.80   0.97894E+04   0.40054E-06
    5.00   0.76339E+04   0.42907E-06
    5.20   0.59651E+04   0.45734E-06
    5.40   0.46684E+04   0.48517E-06
    5.60   0.36580E+04   0.51240E-06
    5.80   0.28686E+04   0.53882E-06
    6.00   0.22509E+04   0.56424E-06
    6.20   0.17669E+04   0.58847E-06
    6.40   0.13872E+04   0.61131E-06
    6.60   0.10892E+04   0.63259E-06
    6.80   0.85535E+03   0.65216E-06
    7.00   0.67183E+03   0.66991E-06
    7.20   0.52787E+03   0.68584E-06
    7.40   0.41502E+03   0.70000E-06
    7.60   0.32664E+03   0.71262E-06
    7.80   0.25748E+03   0.72412E-06
    8.00   0.20343E+03   0.73515E-06
    8.20   0.16122E+03   0.74662E-06
    8.40   0.12828E+03   0.75975E-06
    8.60   0.10259E+03   0.77606E-06
    8.80   0.82555E+02   0.79727E-06
    9.00   0.66919E+02   0.82523E-06
    9.20   0.54696E+02   0.86167E-06
    9.40   0.45115E+02   0.90804E-06
    9.60   0.37574E+02   0.96525E-06
    9.80   0.31604E+02   0.10335E-05
   10.00   0.26841E+02   0.11122E-05
   10.20   0.23005E+02   0.12000E-05
   10.40   0.19880E+02   0.12951E-05
   10.60   0.17301E+02   0.13952E-05
   10.80   0.15144E+02   0.14982E-05
   11.00   0.13314E+02   0.16019E-05
   11.20   0.11740E+02   0.17044E-05
   11.40   0.10370E+02   0.18040E-05
   11.60   0.91641E+01   0.18997E-05
   11.80   0.80936E+01   0.19904E-05
   12.00   0.71371E+01   0.20755E-05
   12.20   0.62786E+01   0.21545E-05
   12.40   0.55064E+01   0.22268E-05
   12.60   0.48114E+01   0.22924E-05
   12.80   0.41865E+01   0.23507E-05
   13.00   0.36259E+01   0.24017E-05
   13.20   0.31247E+01   0.24448E-05
   13.40   0.26785E+01   0.24799E-05
   13.60   0.22833E+01   0.25065E-05
   13.80   0.19353E+01   0.25242E-05
   14.00   0.16307E+01   0.25327E-05
   14.20   0.13659E+01   0.25314E-05
   14.40   0.11374E+01   0.25202E-05
   14.60   0.94167E+00   0.24989E-05
   14.80   0.77542E+00   0.24679E-05
   15.00   0.63540E+00   0.24280E-05
E=800     
    2.00   0.57873E+06   0.65442E-07
    2.20   0.38514E+06   0.85253E-07
    2.40   0.26350E+06   0.10685E-06
    2.60   0.18437E+06   0.13006E-06
    2.80   0.13139E+06   0.15469E-06
    3.00   0.95062E+05   0.18060E-06
    3.20   0.69649E+05   0.20762E-06
    3.40   0.51566E+05   0.23560E-06
    3.60   0.38512E+05   0.26440E-06
    3.80   0.28972E+05   0.29387E-06
    4.00   0.21926E+05   0.32384E-06
    4.20   0.16677E+05   0.35415E-06
    4.40   0.12736E+05   0.38464E-06
    4.60   0.97582E+04   0.41512E-06
    4.80   0.74960E+04   0.44541E-06
    5.00   0.57698E+04   0.47529E-06
    5.20   0.44478E+04   0.50455E-06
    5.40   0.34324E+04   0.53297E-06
    5.60   0.26507E+04   0.56031E-06
    5.80   0.20480E+04   0.58633E-06
    6.00   0.15827E+04   0.61080E-06
    6.20   0.12233E+04   0.63351E-06
    6.40   0.94560E+03   0.65428E-06
    6.60   0.73112E+03   0.67298E-06
    6.80   0.56554E+03   0.68961E-06
    7.00   0.43781E+03   0.70428E-06
    7.20   0.33938E+03   0.71732E-06
    7.40   0.26362E+03   0.72931E-06
    7.60   0.20536E+03   0.74116E-06
    7.80   0.16061E+03   0.75413E-06
    8.00   0.12627E+03   0.76988E-06
    8.20   0.99917E+02   0.79041E-06
    8.40   0.79686E+02   0.81791E-06
    8.60   0.64133E+02   0.85454E-06
    8.80   0.52142E+02   0.90217E-06
    9.00   0.42857E+02   0.96201E-06
    9.20   0.35621E+02   0.10344E-05
    9.40   0.29934E+02   0.11186E-05
    9.60   0.25415E+02   0.12132E-05
    9.80   0.21777E+02   0.13157E-05
   10.00   0.18805E+02   0.14235E-05
   10.20   0.16339E+02   0.15339E-05
   10.40   0.14260E+02   0.16443E-05
   10.60   0.12481E+02   0.17526E-05
   10.80   0.10938E+02   0.18571E-05
   11.00   0.95845E+01   0.19564E-05
   11.20   0.83876E+01   0.20496E-05
   11.40   0.73228E+01   0.21359E-05
   11.60   0.63722E+01   0.22149E-05
   11.80   0.55227E+01   0.22862E-05
   12.00   0.47640E+01   0.23493E-05
   12.20   0.40882E+01   0.24040E-05
   12.40   0.34884E+01   0.24498E-05
   12.60   0.29587E+01   0.24864E-05
   12.80   0.24936E+01   0.25133E-05
   13.00   0.20879E+01   0.25300E-05
   13.20   0.17365E+01   0.25359E-05
   13.40   0.14345E+01   0.25307E-05
   13.60   0.11772E+01   0.25141E-05
   13.80   0.95993E+00   0.24861E-05
   14.00   0.77814E+00   0.24474E-05
   14.20   0.62756E+00   0.23998E-05
   14.40   0.50417E+00   0.23465E-05
   14.60   0.40417E+00   0.22930E-05
   14.80   0.32411E+00   0.22476E-05
   15.00   0.26080E+00   0.22223E-05
E=850     
    2.00   0.50428E+06   0.77408E-07
    2.20   0.33376E+06   0.99685E-07
    2.40   0.22696E+06   0.12384E-06
    2.60   0.15774E+06   0.14965E-06
    2.80   0.11159E+06   0.17694E-06
    3.00   0.80097E+05   0.20550E-06
    3.20   0.58186E+05   0.23517E-06
    3.40   0.42687E+05   0.26576E-06
    3.60   0.31572E+05   0.29709E-06
    3.80   0.23507E+05   0.32897E-06
    4.00   0.17597E+05   0.36121E-06
    4.20   0.13231E+05   0.39361E-06
    4.40   0.99826E+04   0.42593E-06
    4.60   0.75519E+04   0.45796E-06
    4.80   0.57247E+04   0.48943E-06
    5.00   0.43459E+04   0.52009E-06
    5.20   0.33025E+04   0.54965E-06
    5.40   0.25112E+04   0.57785E-06
    5.60   0.19101E+04   0.60438E-06
    5.80   0.14532E+04   0.62900E-06
    6.00   0.11057E+04   0.65147E-06
    6.20   0.84152E+03   0.67163E-06
    6.40   0.64075E+03   0.68946E-06
    6.60   0.48830E+03   0.70507E-06
    6.80   0.37269E+03   0.71887E-06
    7.00   0.28512E+03   0.73155E-06
    7.20   0.21887E+03   0.74424E-06
    7.40   0.16881E+03   0.75856E-06
    7.60   0.13100E+03   0.77658E-06
    7.80   0.10246E+03   0.80076E-06
    8.00   0.80892E+02   0.83375E-06
    8.20   0.64556E+02   0.87804E-06
    8.40   0.52134E+02   0.93552E-06
    8.60   0.42632E+02   0.10071E-05
    8.80   0.35300E+02   0.10925E-05
    9.00   0.29578E+02   0.11902E-05
    9.20   0.25049E+02   0.12975E-05
    9.40   0.21407E+02   0.14114E-05
    9.60   0.18427E+02   0.15286E-05
    9.80   0.15943E+02   0.16461E-05
   10.00   0.13839E+02   0.17611E-05
   10.20   0.12029E+02   0.18718E-05
   10.40   0.10453E+02   0.19764E-05
   10.60   0.90678E+01   0.20740E-05
   10.80   0.78433E+01   0.21636E-05
   11.00   0.67573E+01   0.22449E-05
   11.20   0.57936E+01   0.23172E-05
   11.40   0.49399E+01   0.23801E-05
   11.60   0.41863E+01   0.24333E-05
   11.80   0.35242E+01   0.24762E-05
   12.00   0.29461E+01   0.25084E-05
   12.20   0.24448E+01   0.25292E-05
   12.40   0.20137E+01   0.25380E-05
   12.60   0.16460E+01   0.25343E-05
   12.80   0.13354E+01   0.25177E-05
   13.00   0.10756E+01   0.24882E-05
   13.20   0.86056E+00   0.24467E-05
   13.40   0.68461E+00   0.23952E-05
   13.60   0.54236E+00   0.23379E-05
   13.80   0.42881E+00   0.22817E-05
   14.00   0.33939E+00   0.22375E-05
   14.20   0.26997E+00   0.22208E-05
   14.40   0.21690E+00   0.22503E-05
   14.60   0.17694E+00   0.23455E-05
   14.80   0.14732E+00   0.25207E-05
   15.00   0.12567E+00   0.27787E-05
E=900     
    2.00   0.44155E+06   0.90077E-07
    2.20   0.29054E+06   0.11488E-06
    2.40   0.19628E+06   0.14162E-06
    2.60   0.13544E+06   0.17008E-06
    2.80   0.95068E+05   0.20003E-06
    3.00   0.67666E+05   0.23124E-06
    3.20   0.48710E+05   0.26352E-06
    3.40   0.35390E+05   0.29664E-06
    3.60   0.25906E+05   0.33039E-06
    3.80   0.19077E+05   0.36452E-06
    4.00   0.14117E+05   0.39881E-06
    4.20   0.10485E+05   0.43298E-06
    4.40   0.78095E+04   0.46676E-06
    4.60   0.58290E+04   0.49984E-06
    4.80   0.43571E+04   0.53191E-06
    5.00   0.32600E+04   0.56263E-06
    5.20   0.24404E+04   0.59168E-06
    5.40   0.18274E+04   0.61873E-06
    5.60   0.13686E+04   0.64348E-06
    5.80   0.10252E+04   0.66571E-06
    6.00   0.76830E+03   0.68532E-06
    6.20   0.57624E+03   0.70239E-06
    6.40   0.43284E+03   0.71731E-06
    6.60   0.32592E+03   0.73085E-06
    6.80   0.24632E+03   0.74426E-06
    7.00   0.18713E+03   0.75941E-06
    7.20   0.14315E+03   0.77874E-06
    7.40   0.11048E+03   0.80520E-06
    7.60   0.86180E+02   0.84190E-06
    7.80   0.68057E+02   0.89171E-06
    8.00   0.54475E+02   0.95666E-06
    8.20   0.44218E+02   0.10375E-05
    8.40   0.36392E+02   0.11332E-05
    8.60   0.30335E+02   0.12416E-05
    8.80   0.25570E+02   0.13593E-05
    9.00   0.21750E+02   0.14824E-05
    9.20   0.18624E+02   0.16070E-05
    9.40   0.16018E+02   0.17300E-05
    9.60   0.13806E+02   0.18486E-05
    9.80   0.11900E+02   0.19609E-05
   10.00   0.10241E+02   0.20654E-05
   10.20   0.87862E+01   0.21611E-05
   10.40   0.75050E+01   0.22474E-05
   10.60   0.63762E+01   0.23236E-05
   10.80   0.53835E+01   0.23894E-05
   11.00   0.45139E+01   0.24441E-05
   11.20   0.37566E+01   0.24871E-05
   11.40   0.31016E+01   0.25180E-05
   11.60   0.25397E+01   0.25359E-05
   11.80   0.20621E+01   0.25401E-05
   12.00   0.16601E+01   0.25300E-05
   12.20   0.13255E+01   0.25055E-05
   12.40   0.10501E+01   0.24668E-05
   12.60   0.82614E+00   0.24158E-05
   12.80   0.64647E+00   0.23562E-05
   13.00   0.50432E+00   0.22952E-05
   13.20   0.39352E+00   0.22443E-05
   13.40   0.30852E+00   0.22207E-05
   13.60   0.24438E+00   0.22461E-05
   13.80   0.19683E+00   0.23437E-05
   14.00   0.16218E+00   0.25310E-05
   14.20   0.13733E+00   0.28110E-05
   14.40   0.11970E+00   0.31675E-05
   14.60   0.10724E+00   0.35687E-05
   14.80   0.98304E-01   0.39774E-05
   15.00   0.91626E-01   0.43623E-05
E=950     
    2.00   0.38822E+06   0.10341E-06
    2.20   0.25386E+06   0.13078E-06
    2.40   0.17032E+06   0.16015E-06
    2.60   0.11663E+06   0.19127E-06
    2.80   0.81191E+05   0.22387E-06
    3.00   0.57273E+05   0.25771E-06
    3.20   0.40834E+05   0.29253E-06
    3.40   0.29364E+05   0.32808E-06
    3.60   0.21260E+05   0.36408E-06
    3.80   0.15475E+05   0.40025E-06
    4.00   0.11311E+05   0.43629E-06
    4.20   0.82930E+04   0.47185E-06
    4.40   0.60937E+04   0.50660E-06
    4.60   0.44844E+04   0.54014E-06
    4.80   0.33032E+04   0.57210E-06
    5.00   0.24343E+04   0.60208E-06
    5.20   0.17945E+04   0.62971E-06
    5.40   0.13230E+04   0.65467E-06
    5.60   0.97572E+03   0.67675E-06
    5.80   0.72007E+03   0.69594E-06
    6.00   0.53211E+03   0.71252E-06
    6.20   0.39412E+03   0.72719E-06
    6.40   0.29297E+03   0.74123E-06
    6.60   0.21894E+03   0.75661E-06
    6.80   0.16481E+03   0.77606E-06
    7.00   0.12524E+03   0.80292E-06
    7.20   0.96293E+02   0.84087E-06
    7.40   0.75047E+02   0.89329E-06
    7.60   0.59371E+02   0.96256E-06
    7.80   0.47708E+02   0.10495E-05
    8.00   0.38923E+02   0.11528E-05
    8.20   0.32202E+02   0.12696E-05
    8.40   0.26959E+02   0.13957E-05
    8.60   0.22782E+02   0.15266E-05
    8.80   0.19379E+02   0.16580E-05
    9.00   0.16548E+02   0.17862E-05
    9.20   0.14150E+02   0.19085E-05
    9.40   0.12088E+02   0.20228E-05
    9.60   0.10299E+02   0.21278E-05
    9.80   0.87363E+01   0.22225E-05
   10.00   0.73692E+01   0.23062E-05
   10.20   0.61746E+01   0.23783E-05
   10.40   0.51347E+01   0.24382E-05
   10.60   0.42349E+01   0.24853E-05
   10.80   0.34623E+01   0.25188E-05
   11.00   0.28047E+01   0.25379E-05
   11.20   0.22508E+01   0.25418E-05
   11.40   0.17893E+01   0.25297E-05
   11.60   0.14094E+01   0.25014E-05
   11.80   0.11007E+01   0.24577E-05
   12.00   0.85325E+00   0.24009E-05
   12.20   0.65790E+00   0.23363E-05
   12.40   0.50608E+00   0.22739E-05
   12.60   0.39007E+00   0.22294E-05
   12.80   0.30303E+00   0.22256E-05
   13.00   0.23894E+00   0.22894E-05
   13.20   0.19266E+00   0.24459E-05
   13.40   0.15985E+00   0.27067E-05
   13.60   0.13695E+00   0.30614E-05
   13.80   0.12106E+00   0.34772E-05
   14.00   0.10993E+00   0.39108E-05
   14.20   0.10183E+00   0.43233E-05
   14.40   0.95476E-01   0.46889E-05
   14.60   0.89984E-01   0.49966E-05
   14.80   0.84761E-01   0.52455E-05
   15.00   0.79457E-01   0.54404E-05
E=1000     
    2.00   0.34255E+06   0.11735E-06
    2.20   0.22251E+06   0.14733E-06
    2.40   0.14819E+06   0.17936E-06
    2.60   0.10067E+06   0.21313E-06
    2.80   0.69465E+05   0.24837E-06
    3.00   0.48540E+05   0.28477E-06
    3.20   0.34257E+05   0.32205E-06
    3.40   0.24368E+05   0.35988E-06
    3.60   0.17440E+05   0.39794E-06
    3.80   0.12540E+05   0.43586E-06
    4.00   0.90474E+04   0.47328E-06
    4.20   0.65436E+04   0.50977E-06
    4.40   0.47403E+04   0.54491E-06
    4.60   0.34372E+04   0.57822E-06
    4.80   0.24936E+04   0.60927E-06
    5.00   0.18095E+04   0.63762E-06
    5.20   0.13133E+04   0.66294E-06
    5.40   0.95363E+03   0.68505E-06
    5.60   0.69313E+03   0.70404E-06
    5.80   0.50474E+03   0.72042E-06
    6.00   0.36874E+03   0.73532E-06
    6.20   0.27073E+03   0.75063E-06
    6.40   0.20019E+03   0.76914E-06
    6.60   0.14945E+03   0.79453E-06
    6.80   0.11294E+03   0.83097E-06
    7.00   0.86602E+02   0.88258E-06
    7.20   0.67495E+02   0.95245E-06
    7.40   0.53515E+02   0.10418E-05
    7.60   0.43153E+02   0.11496E-05
    7.80   0.35341E+02   0.12724E-05
    8.00   0.29324E+02   0.14055E-05
    8.20   0.24580E+02   0.15436E-05
    8.40   0.20746E+02   0.16816E-05
    8.60   0.17577E+02   0.18156E-05
    8.80   0.14906E+02   0.19425E-05
    9.00   0.12621E+02   0.20600E-05
    9.20   0.10647E+02   0.21668E-05
    9.40   0.89345E+01   0.22619E-05
    9.60   0.74466E+01   0.23445E-05
    9.80   0.61579E+01   0.24140E-05
   10.00   0.50476E+01   0.24695E-05
   10.20   0.40985E+01   0.25103E-05
   10.40   0.32947E+01   0.25355E-05
   10.60   0.26213E+01   0.25440E-05
   10.80   0.20638E+01   0.25350E-05
   11.00   0.16083E+01   0.25082E-05
   11.20   0.12413E+01   0.24639E-05
   11.40   0.95010E+00   0.24048E-05
   11.60   0.72279E+00   0.23367E-05
   11.80   0.54843E+00   0.22711E-05
   12.00   0.41718E+00   0.22267E-05
   12.20   0.32035E+00   0.22304E-05
   12.40   0.25040E+00   0.23140E-05
   12.60   0.20094E+00   0.25045E-05
   12.80   0.16666E+00   0.28102E-05
   13.00   0.14324E+00   0.32107E-05
   13.20   0.12728E+00   0.36619E-05
   13.40   0.11617E+00   0.41136E-05
   13.60   0.10795E+00   0.45264E-05
   13.80   0.10124E+00   0.48791E-05
   14.00   0.95140E-01   0.51660E-05
   14.20   0.89072E-01   0.53903E-05
   14.40   0.82748E-01   0.55596E-05
   14.60   0.76073E-01   0.56816E-05
   14.80   0.69084E-01   0.57630E-05
   15.00   0.61900E-01   0.58090E-05
E=1050     
    2.00   0.30316E+06   0.13187E-06
    2.20   0.19555E+06   0.16449E-06
    2.40   0.12923E+06   0.19918E-06
    2.60   0.87040E+05   0.23561E-06
    2.80   0.59510E+05   0.27344E-06
    3.00   0.41171E+05   0.31233E-06
    3.20   0.28747E+05   0.35192E-06
    3.40   0.20216E+05   0.39185E-06
    3.60   0.14293E+05   0.43170E-06
    3.80   0.10145E+05   0.47104E-06
    4.00   0.72207E+04   0.50939E-06
    4.20   0.51485E+04   0.54626E-06
    4.40   0.36748E+04   0.58110E-06
    4.60   0.26243E+04   0.61341E-06
    4.80   0.18746E+04   0.64270E-06
    5.00   0.13394E+04   0.66860E-06
    5.20   0.95755E+03   0.69096E-06
    5.40   0.68547E+03   0.71000E-06
    5.60   0.49192E+03   0.72650E-06
    5.80   0.35451E+03   0.74204E-06
    6.00   0.25713E+03   0.75923E-06
    6.20   0.18820E+03   0.78176E-06
    6.40   0.13941E+03   0.81423E-06
    6.60   0.10482E+03   0.86153E-06
    6.80   0.80187E+02   0.92784E-06
    7.00   0.62499E+02   0.10154E-05
    7.20   0.49637E+02   0.11239E-05
    7.40   0.40118E+02   0.12500E-05
    7.60   0.32912E+02   0.13884E-05
    7.80   0.27317E+02   0.15331E-05
    8.00   0.22853E+02   0.16783E-05
    8.20   0.19202E+02   0.18191E-05
    8.40   0.16150E+02   0.19520E-05
    8.60   0.13558E+02   0.20745E-05
    8.80   0.11334E+02   0.21850E-05
    9.00   0.94162E+01   0.22824E-05
    9.20   0.77630E+01   0.23659E-05
    9.40   0.63431E+01   0.24347E-05
    9.60   0.51318E+01   0.24878E-05
    9.80   0.41077E+01   0.25243E-05
   10.00   0.32513E+01   0.25432E-05
   10.20   0.25441E+01   0.25432E-05
   10.40   0.19680E+01   0.25236E-05
   10.60   0.15058E+01   0.24843E-05
   10.80   0.11408E+01   0.24273E-05
   11.00   0.85767E+00   0.23577E-05
   11.20   0.64211E+00   0.22864E-05
   11.40   0.48132E+00   0.22326E-05
   11.60   0.36395E+00   0.22256E-05
   11.80   0.28024E+00   0.23016E-05
   12.00   0.22192E+00   0.24933E-05
   12.20   0.18218E+00   0.28121E-05
   12.40   0.15554E+00   0.32352E-05
   12.60   0.13771E+00   0.37115E-05
   12.80   0.12546E+00   0.41833E-05
   13.00   0.11641E+00   0.46074E-05
   13.20   0.10894E+00   0.49628E-05
   13.40   0.10199E+00   0.52457E-05
   13.60   0.94947E-01   0.54618E-05
   13.80   0.87540E-01   0.56201E-05
   14.00   0.79717E-01   0.57292E-05
   14.20   0.71572E-01   0.57963E-05
   14.40   0.63286E-01   0.58264E-05
   14.60   0.55072E-01   0.58226E-05
   14.80   0.47141E-01   0.57866E-05
   15.00   0.39679E-01   0.57187E-05
E=1100     
    2.00   0.26898E+06   0.14694E-06
    2.20   0.17223E+06   0.18220E-06
    2.40   0.11289E+06   0.21955E-06
    2.60   0.75360E+05   0.25860E-06
    2.80   0.51026E+05   0.29897E-06
    3.00   0.34933E+05   0.34024E-06
    3.20   0.24119E+05   0.38200E-06
    3.40   0.16758E+05   0.42379E-06
    3.60   0.11697E+05   0.46512E-06
    3.80   0.81913E+04   0.50545E-06
    4.00   0.57479E+04   0.54421E-06
    4.20   0.40382E+04   0.58080E-06
    4.40   0.28387E+04   0.61461E-06
    4.60   0.19960E+04   0.64511E-06
    4.80   0.14039E+04   0.67187E-06
    5.00   0.98813E+03   0.69475E-06
    5.20   0.69663E+03   0.71410E-06
    5.40   0.49265E+03   0.73097E-06
    5.60   0.35020E+03   0.74744E-06
    5.80   0.25091E+03   0.76686E-06
    6.00   0.18177E+03   0.79385E-06
    6.20   0.13360E+03   0.83393E-06
    6.40   0.99933E+02   0.89250E-06
    6.60   0.76249E+02   0.97347E-06
    6.80   0.59395E+02   0.10779E-05
    7.00   0.47197E+02   0.12034E-05
    7.20   0.38166E+02   0.13448E-05
    7.40   0.31298E+02   0.14952E-05
    7.60   0.25918E+02   0.16477E-05
    7.80   0.21584E+02   0.17965E-05
    8.00   0.18005E+02   0.19372E-05
    8.20   0.14995E+02   0.20668E-05
    8.40   0.12433E+02   0.21833E-05
    8.60   0.10240E+02   0.22855E-05
    8.80   0.83625E+01   0.23724E-05
    9.00   0.67624E+01   0.24430E-05
    9.20   0.54087E+01   0.24963E-05
    9.40   0.42753E+01   0.25312E-05
    9.60   0.33379E+01   0.25465E-05
    9.80   0.25733E+01   0.25408E-05
   10.00   0.19593E+01   0.25134E-05
   10.20   0.14744E+01   0.24649E-05
   10.40   0.10985E+01   0.23986E-05
   10.60   0.81270E+00   0.23228E-05
   10.80   0.60007E+00   0.22541E-05
   11.00   0.44548E+00   0.22206E-05
   11.20   0.33582E+00   0.22611E-05
   11.40   0.26002E+00   0.24168E-05
   11.60   0.20891E+00   0.27115E-05
   11.80   0.17516E+00   0.31314E-05
   12.00   0.15303E+00   0.36245E-05
   12.20   0.13819E+00   0.41238E-05
   12.40   0.12754E+00   0.45760E-05
   12.60   0.11893E+00   0.49540E-05
   12.80   0.11099E+00   0.52523E-05
   13.00   0.10295E+00   0.54771E-05
   13.20   0.94461E-01   0.56388E-05
   13.40   0.85486E-01   0.57474E-05
   13.60   0.76157E-01   0.58105E-05
   13.80   0.66707E-01   0.58338E-05
   14.00   0.57405E-01   0.58204E-05
   14.20   0.48510E-01   0.57717E-05
   14.40   0.40239E-01   0.56881E-05
   14.60   0.32758E-01   0.55686E-05
   14.80   0.26170E-01   0.54127E-05
   15.00   0.20524E-01   0.52210E-05
E=1150     
    2.00   0.23918E+06   0.16250E-06
    2.20   0.15196E+06   0.20043E-06
    2.40   0.98757E+05   0.24043E-06
    2.60   0.65309E+05   0.28206E-06
    2.80   0.43773E+05   0.32486E-06
    3.00   0.29640E+05   0.36838E-06
    3.20   0.20224E+05   0.41210E-06
    3.40   0.13876E+05   0.45547E-06
    3.60   0.95568E+04   0.49790E-06
    3.80   0.65985E+04   0.53873E-06
    4.00   0.45625E+04   0.57730E-06
    4.20   0.31569E+04   0.61290E-06
    4.40   0.21850E+04   0.64491E-06
    4.60   0.15128E+04   0.67286E-06
    4.80   0.10483E+04   0.69659E-06
    5.00   0.72771E+03   0.71651E-06
    5.20   0.50701E+03   0.73394E-06
    5.40   0.35539E+03   0.75145E-06
    5.60   0.25144E+03   0.77313E-06
    5.80   0.18021E+03   0.80454E-06
    6.00   0.13135E+03   0.85206E-06
    6.20   0.97686E+02   0.92148E-06
    6.40   0.74279E+02   0.10162E-05
    6.60   0.57761E+02   0.11359E-05
    6.80   0.45855E+02   0.12762E-05
    7.00   0.37035E+02   0.14301E-05
    7.20   0.30294E+02   0.15894E-05
    7.40   0.24977E+02   0.17471E-05
    7.60   0.20661E+02   0.18974E-05
    7.80   0.17078E+02   0.20363E-05
    8.00   0.14059E+02   0.21615E-05
    8.20   0.11495E+02   0.22712E-05
    8.40   0.93147E+01   0.23644E-05
    8.60   0.74685E+01   0.24398E-05
    8.80   0.59174E+01   0.24965E-05
    9.00   0.46286E+01   0.25331E-05
    9.20   0.35719E+01   0.25481E-05
    9.40   0.27188E+01   0.25401E-05
    9.60   0.20415E+01   0.25085E-05
    9.80   0.15138E+01   0.24540E-05
   10.00   0.11109E+01   0.23814E-05
   10.20   0.80986E+00   0.23019E-05
   10.40   0.59032E+00   0.22376E-05
   10.60   0.43426E+00   0.22248E-05
   10.80   0.32634E+00   0.23103E-05
   11.00   0.25376E+00   0.25363E-05
   11.20   0.20621E+00   0.29130E-05
   11.40   0.17557E+00   0.34016E-05
   11.60   0.15571E+00   0.39296E-05
   11.80   0.14214E+00   0.44264E-05
   12.00   0.13179E+00   0.48496E-05
   12.20   0.12267E+00   0.51856E-05
   12.40   0.11363E+00   0.54386E-05
   12.60   0.10411E+00   0.56200E-05
   12.80   0.94014E-01   0.57413E-05
   13.00   0.83467E-01   0.58119E-05
   13.20   0.72753E-01   0.58384E-05
   13.40   0.62203E-01   0.58246E-05
   13.60   0.52136E-01   0.57723E-05
   13.80   0.42820E-01   0.56815E-05
   14.00   0.34454E-01   0.55516E-05
   14.20   0.27160E-01   0.53817E-05
   14.40   0.20983E-01   0.51731E-05
   14.60   0.15907E-01   0.49320E-05
   14.80   0.11865E-01   0.46758E-05
   15.00   0.87513E-02   0.44419E-05
E=1200     
    2.00   0.21307E+06   0.17853E-06
    2.20   0.13428E+06   0.21912E-06
    2.40   0.86484E+05   0.26174E-06
    2.60   0.56634E+05   0.30588E-06
    2.80   0.37556E+05   0.35103E-06
    3.00   0.25139E+05   0.39662E-06
    3.20   0.16942E+05   0.44205E-06
    3.40   0.11472E+05   0.48666E-06
    3.60   0.77921E+04   0.52974E-06
    3.80   0.53020E+04   0.57052E-06
    4.00   0.36109E+04   0.60822E-06
    4.20   0.24600E+04   0.64210E-06
    4.40   0.16765E+04   0.67161E-06
    4.60   0.11435E+04   0.69653E-06
    4.80   0.78154E+03   0.71731E-06
    5.00   0.53627E+03   0.73544E-06
    5.20   0.37049E+03   0.75393E-06
    5.40   0.25865E+03   0.77758E-06
    5.60   0.18326E+03   0.81287E-06
    5.80   0.13234E+03   0.86705E-06
    6.00   0.97746E+02   0.94623E-06
    6.20   0.73978E+02   0.10533E-05
    6.40   0.57347E+02   0.11864E-05
    6.60   0.45411E+02   0.13393E-05
    6.80   0.36568E+02   0.15033E-05
    7.00   0.29787E+02   0.16697E-05
    7.20   0.24411E+02   0.18308E-05
    7.40   0.20027E+02   0.19814E-05
    7.60   0.16382E+02   0.21180E-05
    7.80   0.13315E+02   0.22383E-05
    8.00   0.10725E+02   0.23409E-05
    8.20   0.85438E+01   0.24246E-05
    8.40   0.67210E+01   0.24882E-05
    8.60   0.52146E+01   0.25301E-05
    8.80   0.39873E+01   0.25488E-05
    9.00   0.30035E+01   0.25426E-05
    9.20   0.22292E+01   0.25107E-05
    9.40   0.16320E+01   0.24539E-05
    9.60   0.11813E+01   0.23774E-05
    9.80   0.84935E+00   0.22946E-05
   10.00   0.61107E+00   0.22318E-05
   10.20   0.44482E+00   0.22318E-05
   10.40   0.33226E+00   0.23488E-05
   10.60   0.25832E+00   0.26252E-05
   10.80   0.21103E+00   0.30592E-05
   11.00   0.18117E+00   0.35925E-05
   11.20   0.16192E+00   0.41389E-05
   11.40   0.14846E+00   0.46289E-05
   11.60   0.13763E+00   0.50289E-05
   11.80   0.12749E+00   0.53345E-05
   12.00   0.11703E+00   0.55557E-05
   12.20   0.10589E+00   0.57063E-05
   12.40   0.94146E-01   0.57980E-05
   12.60   0.82081E-01   0.58394E-05
   12.80   0.70093E-01   0.58359E-05
   13.00   0.58583E-01   0.57901E-05
   13.20   0.47898E-01   0.57025E-05
   13.40   0.38297E-01   0.55723E-05
   13.60   0.29944E-01   0.53987E-05
   13.80   0.22904E-01   0.51826E-05
   14.00   0.17161E-01   0.49309E-05
   14.20   0.12633E-01   0.46630E-05
   14.40   0.91913E-02   0.44228E-05
   14.60   0.66789E-02   0.42932E-05
   14.80   0.49285E-02   0.44012E-05
   15.00   0.37745E-02   0.48809E-05
E=1250     
    2.00   0.19010E+06   0.19499E-06
    2.20   0.11879E+06   0.23823E-06
    2.40   0.75794E+05   0.28343E-06
    2.60   0.49128E+05   0.33000E-06
    2.80   0.32217E+05   0.37734E-06
    3.00   0.21308E+05   0.42480E-06
    3.20   0.14177E+05   0.47165E-06
    3.40   0.94688E+04   0.51711E-06
    3.60   0.63391E+04   0.56033E-06
    3.80   0.42489E+04   0.60044E-06
    4.00   0.28492E+04   0.63657E-06
    4.20   0.19113E+04   0.66805E-06
    4.40   0.12831E+04   0.69456E-06
    4.60   0.86314E+03   0.71650E-06
    4.80   0.58305E+03   0.73547E-06
    5.00   0.39674E+03   0.75477E-06
    5.20   0.27308E+03   0.77984E-06
    5.40   0.19105E+03   0.81806E-06
    5.60   0.13651E+03   0.87755E-06
    5.80   0.99986E+02   0.96489E-06
    6.00   0.75204E+02   0.10824E-05
    6.20   0.58024E+02   0.12270E-05
    6.40   0.45759E+02   0.13907E-05
    6.60   0.36686E+02   0.15634E-05
    6.80   0.29717E+02   0.17354E-05
    7.00   0.24178E+02   0.18993E-05
    7.20   0.19655E+02   0.20499E-05
    7.40   0.15897E+02   0.21839E-05
    7.60   0.12749E+02   0.22995E-05
    7.80   0.10112E+02   0.23950E-05
    8.00   0.79167E+01   0.24692E-05
    8.20   0.61084E+01   0.25206E-05
    8.40   0.46403E+01   0.25473E-05
    8.60   0.34685E+01   0.25474E-05
    8.80   0.25510E+01   0.25197E-05
    9.00   0.18480E+01   0.24646E-05
    9.20   0.13217E+01   0.23870E-05
    9.40   0.93779E+00   0.23003E-05
    9.60   0.66541E+00   0.22330E-05
    9.80   0.47800E+00   0.22325E-05
   10.00   0.35316E+00   0.23597E-05
   10.20   0.27270E+00   0.26611E-05
   10.40   0.22227E+00   0.31296E-05
   10.60   0.19100E+00   0.36936E-05
   10.80   0.17101E+00   0.42563E-05
   11.00   0.15685E+00   0.47464E-05
   11.20   0.14505E+00   0.51353E-05
   11.40   0.13362E+00   0.54240E-05
   11.60   0.12161E+00   0.56262E-05
   11.80   0.10880E+00   0.57568E-05
   12.00   0.95400E-01   0.58278E-05
   12.20   0.81840E-01   0.58474E-05
   12.40   0.68614E-01   0.58198E-05
   12.60   0.56181E-01   0.57469E-05
   12.80   0.44906E-01   0.56280E-05
   13.00   0.35033E-01   0.54622E-05
   13.20   0.26681E-01   0.52496E-05
   13.40   0.19860E-01   0.49953E-05
   13.60   0.14488E-01   0.47168E-05
   13.80   0.10418E-01   0.44563E-05
   14.00   0.74657E-02   0.42991E-05
   14.20   0.54268E-02   0.43825E-05
   14.40   0.40995E-02   0.48605E-05
   14.60   0.32965E-02   0.57860E-05
   14.80   0.28547E-02   0.69986E-05
   15.00   0.26396E-02   0.81975E-05
E=1300     
    2.00   0.16982E+06   0.21184E-06
    2.20   0.10518E+06   0.25771E-06
    2.40   0.66460E+05   0.30543E-06
    2.60   0.42619E+05   0.35433E-06
    2.80   0.27626E+05   0.40370E-06
    3.00   0.18044E+05   0.45278E-06
    3.20   0.11845E+05   0.50071E-06
    3.40   0.78001E+04   0.54656E-06
    3.60   0.51447E+04   0.58936E-06
    3.80   0.33957E+04   0.62813E-06
    4.00   0.22420E+04   0.66203E-06
    4.20   0.14813E+04   0.69059E-06
    4.40   0.98058E+03   0.71407E-06
    4.60   0.65178E+03   0.73402E-06
    4.80   0.43651E+03   0.75393E-06
    5.00   0.29591E+03   0.77971E-06
    5.20   0.20413E+03   0.81959E-06
    5.40   0.14407E+03   0.88266E-06
    5.60   0.10447E+03   0.97612E-06
    5.80   0.77947E+02   0.11021E-05
    6.00   0.59759E+02   0.12564E-05
    6.20   0.46865E+02   0.14294E-05
    6.40   0.37359E+02   0.16097E-05
    6.60   0.30064E+02   0.17869E-05
    6.80   0.24266E+02   0.19534E-05
    7.00   0.19536E+02   0.21041E-05
    7.20   0.15618E+02   0.22361E-05
    7.40   0.12357E+02   0.23472E-05
    7.60   0.96507E+01   0.24361E-05
    7.80   0.74251E+01   0.25011E-05
    8.00   0.56200E+01   0.25403E-05
    8.20   0.41809E+01   0.25517E-05
    8.40   0.30562E+01   0.25333E-05
    8.60   0.21966E+01   0.24848E-05
    8.80   0.15556E+01   0.24096E-05
    9.00   0.10903E+01   0.23197E-05
    9.20   0.76252E+00   0.22422E-05
    9.40   0.53890E+00   0.22262E-05
    9.60   0.39158E+00   0.23387E-05
    9.80   0.29792E+00   0.26362E-05
   10.00   0.24019E+00   0.31169E-05
   10.20   0.20506E+00   0.37035E-05
   10.40   0.18296E+00   0.42875E-05
   10.60   0.16741E+00   0.47905E-05
   10.80   0.15433E+00   0.51831E-05
   11.00   0.14149E+00   0.54688E-05
   11.20   0.12789E+00   0.56636E-05
   11.40   0.11338E+00   0.57839E-05
   11.60   0.98300E-01   0.58423E-05
   11.80   0.83201E-01   0.58467E-05
   12.00   0.68675E-01   0.58010E-05
   12.20   0.55243E-01   0.57060E-05
   12.40   0.43291E-01   0.55609E-05
   12.60   0.33047E-01   0.53648E-05
   12.80   0.24591E-01   0.51196E-05
   13.00   0.17874E-01   0.48372E-05
   13.20   0.12751E-01   0.45505E-05
   13.40   0.90140E-02   0.43334E-05
   13.60   0.64222E-02   0.43196E-05
   13.80   0.47292E-02   0.46851E-05
   14.00   0.37022E-02   0.55380E-05
   14.20   0.31360E-02   0.67610E-05
   14.40   0.28605E-02   0.80327E-05
   14.60   0.27436E-02   0.90673E-05
   14.80   0.26895E-02   0.97659E-05
   15.00   0.26352E-02   0.10166E-04
E=1350     
    2.00   0.15187E+06   0.22906E-06
    2.20   0.93198E+05   0.27752E-06
    2.40   0.58291E+05   0.32768E-06
    2.60   0.36967E+05   0.37878E-06
    2.80   0.23674E+05   0.42999E-06
    3.00   0.15263E+05   0.48040E-06
    3.20   0.98814E+04   0.52901E-06
    3.40   0.64122E+04   0.57475E-06
    3.60   0.41653E+04   0.61651E-06
    3.80   0.27069E+04   0.65329E-06
    4.00   0.17601E+04   0.68440E-06
    4.20   0.11463E+04   0.70988E-06
    4.40   0.74944E+03   0.73109E-06
    4.60   0.49363E+03   0.75148E-06
    4.80   0.32917E+03   0.77725E-06
    5.00   0.22356E+03   0.81735E-06
    5.20   0.15556E+03   0.88194E-06
    5.40   0.11143E+03   0.97917E-06
    5.60   0.82320E+02   0.11114E-05
    5.80   0.62600E+02   0.12736E-05
    6.00   0.48751E+02   0.14547E-05
    6.20   0.38601E+02   0.16421E-05
    6.40   0.30839E+02   0.18246E-05
    6.60   0.24683E+02   0.19941E-05
    6.80   0.19676E+02   0.21456E-05
    7.00   0.15549E+02   0.22761E-05
    7.20   0.12139E+02   0.23836E-05
    7.40   0.93374E+01   0.24665E-05
    7.60   0.70626E+01   0.25229E-05
    7.80   0.52461E+01   0.25504E-05
    8.00   0.38240E+01   0.25469E-05
    8.20   0.27357E+01   0.25107E-05
    8.40   0.19238E+01   0.24434E-05
    8.60   0.13348E+01   0.23535E-05
    8.80   0.92046E+00   0.22640E-05
    9.00   0.63869E+00   0.22208E-05
    9.20   0.45399E+00   0.22944E-05
    9.40   0.33749E+00   0.25557E-05
    9.60   0.26655E+00   0.30219E-05
    9.80   0.22418E+00   0.36214E-05
   10.00   0.19822E+00   0.42339E-05
   10.20   0.18047E+00   0.47655E-05
   10.40   0.16584E+00   0.51786E-05
   10.60   0.15153E+00   0.54761E-05
   10.80   0.13634E+00   0.56756E-05
   11.00   0.12013E+00   0.57956E-05
   11.20   0.10331E+00   0.58496E-05
   11.40   0.86553E-01   0.58460E-05
   11.60   0.70569E-01   0.57886E-05
   11.80   0.55955E-01   0.56780E-05
   12.00   0.43131E-01   0.55129E-05
   12.20   0.32324E-01   0.52929E-05
   12.40   0.23578E-01   0.50225E-05
   12.60   0.16793E-01   0.47214E-05
   12.80   0.11762E-01   0.44410E-05
   13.00   0.82135E-02   0.42907E-05
   13.20   0.58535E-02   0.44486E-05
   13.40   0.43917E-02   0.50955E-05
   13.60   0.35649E-02   0.62330E-05
   13.80   0.31501E-02   0.75775E-05
   14.00   0.29708E-02   0.87622E-05
   14.20   0.28970E-02   0.95992E-05
   14.40   0.28413E-02   0.10094E-04
   14.60   0.27524E-02   0.10328E-04
   14.80   0.26072E-02   0.10381E-04
   15.00   0.24031E-02   0.10309E-04
E=1400     
    2.00   0.13593E+06   0.24660E-06
    2.20   0.82619E+05   0.29761E-06
    2.40   0.51130E+05   0.35012E-06
    2.60   0.32052E+05   0.40326E-06
    2.80   0.20271E+05   0.45607E-06
    3.00   0.12894E+05   0.50748E-06
    3.20   0.82285E+04   0.55633E-06
    3.40   0.52598E+04   0.60140E-06
    3.60   0.33643E+04   0.64150E-06
    3.80   0.21528E+04   0.67571E-06
    4.00   0.13793E+04   0.70374E-06
    4.20   0.88675E+03   0.72662E-06
    4.40   0.57404E+03   0.74754E-06
    4.60   0.37614E+03   0.77270E-06
    4.80   0.25108E+03   0.81158E-06
    5.00   0.17190E+03   0.87547E-06
    5.20   0.12137E+03   0.97384E-06
    5.40   0.88570E+02   0.11099E-05
    5.60   0.66680E+02   0.12781E-05
    5.80   0.51492E+02   0.14665E-05
    6.00   0.40460E+02   0.16609E-05
    6.20   0.32074E+02   0.18489E-05
    6.40   0.25453E+02   0.20221E-05
    6.60   0.20094E+02   0.21753E-05
    6.80   0.15702E+02   0.23055E-05
    7.00   0.12101E+02   0.24105E-05
    7.20   0.91727E+01   0.24884E-05
    7.40   0.68251E+01   0.25370E-05
    7.60   0.49785E+01   0.25538E-05
    7.80   0.35585E+01   0.25362E-05
    8.00   0.24941E+01   0.24838E-05
    8.20   0.17187E+01   0.24008E-05
    8.40   0.11713E+01   0.23034E-05
    8.60   0.79802E+00   0.22296E-05
    8.80   0.55307E+00   0.22467E-05
    9.00   0.39874E+00   0.24391E-05
    9.20   0.30533E+00   0.28551E-05
    9.40   0.25039E+00   0.34480E-05
    9.60   0.21779E+00   0.40916E-05
    9.80   0.19661E+00   0.46676E-05
   10.00   0.18001E+00   0.51203E-05
   10.20   0.16418E+00   0.54462E-05
   10.40   0.14747E+00   0.56639E-05
   10.60   0.12957E+00   0.57941E-05
   10.80   0.11092E+00   0.58525E-05
   11.00   0.92338E-01   0.58488E-05
   11.20   0.74652E-01   0.57871E-05
   11.40   0.58569E-01   0.56681E-05
   11.60   0.44576E-01   0.54903E-05
   11.80   0.32917E-01   0.52536E-05
   12.00   0.23620E-01   0.49648E-05
   12.20   0.16538E-01   0.46507E-05
   12.40   0.11404E-01   0.43805E-05
   12.60   0.78847E-02   0.42964E-05
   12.80   0.56266E-02   0.46110E-05
   13.00   0.42925E-02   0.54840E-05
   13.20   0.35846E-02   0.67981E-05
   13.40   0.32592E-02   0.81600E-05
   13.60   0.31301E-02   0.92278E-05
   13.80   0.30674E-02   0.99064E-05
   14.00   0.29899E-02   0.10260E-04
   14.20   0.28560E-02   0.10384E-04
   14.40   0.26535E-02   0.10353E-04
   14.60   0.23896E-02   0.10213E-04
   14.80   0.20829E-02   0.99880E-05
   15.00   0.17563E-02   0.96898E-05
E=1450     
    2.00   0.12175E+06   0.26443E-06
    2.20   0.73262E+05   0.31793E-06
    2.40   0.44844E+05   0.37268E-06
    2.60   0.27776E+05   0.42768E-06
    2.80   0.17339E+05   0.48182E-06
    3.00   0.10876E+05   0.53385E-06
    3.20   0.68392E+04   0.58245E-06
    3.40   0.43052E+04   0.62627E-06
    3.60   0.27112E+04   0.66411E-06
    3.80   0.17090E+04   0.69533E-06
    4.00   0.10802E+04   0.72048E-06
    4.20   0.68690E+03   0.74223E-06
    4.40   0.44182E+03   0.76648E-06
    4.60   0.28942E+03   0.80292E-06
    4.80   0.19454E+03   0.86387E-06
    5.00   0.13504E+03   0.96051E-06
    5.20   0.97110E+02   0.10975E-05
    5.40   0.72227E+02   0.12699E-05
    5.60   0.55223E+02   0.14646E-05
    5.80   0.43021E+02   0.16659E-05
    6.00   0.33827E+02   0.18602E-05
    6.20   0.26619E+02   0.20382E-05
    6.40   0.20818E+02   0.21944E-05
    6.60   0.16095E+02   0.23255E-05
    6.80   0.12254E+02   0.24293E-05
    7.00   0.91611E+01   0.25035E-05
    7.20   0.67112E+01   0.25457E-05
    7.40   0.48119E+01   0.25530E-05
    7.60   0.33760E+01   0.25229E-05
    7.80   0.23209E+01   0.24561E-05
    8.00   0.15698E+01   0.23613E-05
    8.20   0.10534E+01   0.22644E-05
    8.40   0.71199E+00   0.22214E-05
    8.60   0.49561E+00   0.23197E-05
    8.80   0.36439E+00   0.26422E-05
    9.00   0.28782E+00   0.31906E-05
    9.20   0.24369E+00   0.38538E-05
    9.40   0.21678E+00   0.44861E-05
    9.60   0.19735E+00   0.49990E-05
    9.80   0.17987E+00   0.53732E-05
   10.00   0.16172E+00   0.56249E-05
   10.20   0.14219E+00   0.57778E-05
   10.40   0.12167E+00   0.58507E-05
   10.60   0.10106E+00   0.58555E-05
   10.80   0.81362E-01   0.57978E-05
   11.00   0.63433E-01   0.56786E-05
   11.20   0.47870E-01   0.54965E-05
   11.40   0.34975E-01   0.52510E-05
   11.60   0.24781E-01   0.49501E-05
   11.80   0.17108E-01   0.46246E-05
   12.00   0.11634E-01   0.43564E-05
   12.20   0.79590E-02   0.43132E-05
   12.40   0.56656E-02   0.47340E-05
   12.60   0.43604E-02   0.57571E-05
   12.80   0.37032E-02   0.71726E-05
   13.00   0.34215E-02   0.85235E-05
   13.20   0.33142E-02   0.95025E-05
   13.40   0.32464E-02   0.10076E-04
   13.60   0.31397E-02   0.10340E-04
   13.80   0.29596E-02   0.10392E-04
   14.00   0.27027E-02   0.10304E-04
   14.20   0.23848E-02   0.10112E-04
   14.40   0.20311E-02   0.98377E-05
   14.60   0.16690E-02   0.94864E-05
   14.80   0.13226E-02   0.90581E-05
   15.00   0.10107E-02   0.85505E-05
E=1500     
    2.00   0.10910E+06   0.28252E-06
    2.20   0.64974E+05   0.33843E-06
    2.40   0.39320E+05   0.39529E-06
    2.60   0.24053E+05   0.45194E-06
    2.80   0.14814E+05   0.50709E-06
    3.00   0.91596E+04   0.55933E-06
    3.20   0.56735E+04   0.60715E-06
    3.40   0.35164E+04   0.64912E-06
    3.60   0.21808E+04   0.68421E-06
    3.80   0.13552E+04   0.71238E-06
    4.00   0.84635E+03   0.73558E-06
    4.20   0.53398E+03   0.75905E-06
    4.40   0.34277E+03   0.79222E-06
    4.60   0.22572E+03   0.84821E-06
    4.80   0.15365E+03   0.94015E-06
    5.00   0.10858E+03   0.10750E-05
    5.20   0.79593E+02   0.12492E-05
    5.40   0.60146E+02   0.14490E-05
    5.60   0.46409E+02   0.16573E-05
    5.80   0.36184E+02   0.18587E-05
    6.00   0.28239E+02   0.20428E-05
    6.20   0.21890E+02   0.22034E-05
    6.40   0.16759E+02   0.23370E-05
    6.60   0.12616E+02   0.24411E-05
    6.80   0.93117E+01   0.25134E-05
    7.00   0.67234E+01   0.25508E-05
    7.20   0.47437E+01   0.25502E-05
    7.40   0.32706E+01   0.25095E-05
    7.60   0.22082E+01   0.24308E-05
    7.80   0.14682E+01   0.23279E-05
    8.00   0.97230E+00   0.22386E-05
    8.20   0.65398E+00   0.22381E-05
    8.40   0.45890E+00   0.24287E-05
    8.60   0.34472E+00   0.28746E-05
    8.80   0.28003E+00   0.35187E-05
    9.00   0.24282E+00   0.42049E-05
    9.20   0.21866E+00   0.47974E-05
    9.40   0.19900E+00   0.52435E-05
    9.60   0.17945E+00   0.55493E-05
    9.80   0.15845E+00   0.57403E-05
   10.00   0.13609E+00   0.58398E-05
   10.20   0.11330E+00   0.58633E-05
   10.40   0.91266E-01   0.58188E-05
   10.60   0.71044E-01   0.57085E-05
   10.80   0.53411E-01   0.55311E-05
   11.00   0.38785E-01   0.52857E-05
   11.20   0.27245E-01   0.49792E-05
   11.40   0.18602E-01   0.46420E-05
   11.60   0.12488E-01   0.43600E-05
   11.80   0.84328E-02   0.43150E-05
   12.00   0.59454E-02   0.47700E-05
   12.20   0.45638E-02   0.58667E-05
   12.40   0.38921E-02   0.73462E-05
   12.60   0.36179E-02   0.87042E-05
   12.80   0.35148E-02   0.96438E-05
   13.00   0.34361E-02   0.10164E-04
   13.20   0.33010E-02   0.10376E-04
   13.40   0.30788E-02   0.10385E-04
   13.60   0.27728E-02   0.10257E-04
   13.80   0.24059E-02   0.10027E-04
   14.00   0.20096E-02   0.97124E-05
   14.20   0.16152E-02   0.93156E-05
   14.40   0.12486E-02   0.88351E-05
   14.60   0.92841E-03   0.82701E-05
   14.80   0.66451E-03   0.76327E-05
   15.00   0.45944E-03   0.69740E-05
E=1550     
    2.00   0.97794E+05   0.30084E-06
    2.20   0.57622E+05   0.35906E-06
    2.40   0.34461E+05   0.41787E-06
    2.60   0.20811E+05   0.47593E-06
    2.80   0.12641E+05   0.53175E-06
    3.00   0.77013E+04   0.58374E-06
    3.20   0.46975E+04   0.63022E-06
    3.40   0.28667E+04   0.66981E-06
    3.60   0.17517E+04   0.70185E-06
    3.80   0.10744E+04   0.72742E-06
    4.00   0.66465E+03   0.75072E-06
    4.20   0.41764E+03   0.78043E-06
    4.40   0.26893E+03   0.82994E-06
    4.60   0.17904E+03   0.91427E-06
    4.80   0.12397E+03   0.10435E-05
    5.00   0.89308E+02   0.12165E-05
    5.20   0.66561E+02   0.14199E-05
    5.40   0.50806E+02   0.16349E-05
    5.60   0.39261E+02   0.18442E-05
    5.80   0.30394E+02   0.20358E-05
    6.00   0.23369E+02   0.22025E-05
    6.20   0.17731E+02   0.23404E-05
    6.40   0.13214E+02   0.24468E-05
    6.60   0.96403E+01   0.25189E-05
    6.80   0.68694E+01   0.25536E-05
    7.00   0.47753E+01   0.25473E-05
    7.20   0.32395E+01   0.24981E-05
    7.40   0.21507E+01   0.24099E-05
    7.60   0.14076E+01   0.23021E-05
    7.80   0.92139E+00   0.22253E-05
    8.00   0.61786E+00   0.22733E-05
    8.20   0.43761E+00   0.25564E-05
    8.40   0.33544E+00   0.31070E-05
    8.60   0.27876E+00   0.38110E-05
    8.80   0.24556E+00   0.44906E-05
    9.00   0.22215E+00   0.50346E-05
    9.20   0.20097E+00   0.54205E-05
    9.40   0.17871E+00   0.56700E-05
    9.60   0.15471E+00   0.58112E-05
    9.80   0.12972E+00   0.58654E-05
   10.00   0.10507E+00   0.58444E-05
   10.20   0.82083E-01   0.57528E-05
   10.40   0.61796E-01   0.55902E-05
   10.60   0.44825E-01   0.53549E-05
   10.80   0.31363E-01   0.50510E-05
   11.00   0.21257E-01   0.47040E-05
   11.20   0.14107E-01   0.43931E-05
   11.40   0.93779E-02   0.42991E-05
   11.60   0.64929E-02   0.47060E-05
   11.80   0.49053E-02   0.57971E-05
   12.00   0.41451E-02   0.73206E-05
   12.20   0.38421E-02   0.87253E-05
   12.40   0.37310E-02   0.96828E-05
   12.60   0.36420E-02   0.10197E-04
   12.80   0.34848E-02   0.10392E-04
   13.00   0.32279E-02   0.10379E-04
   13.20   0.28788E-02   0.10227E-04
   13.40   0.24670E-02   0.99712E-05
   13.60   0.20295E-02   0.96251E-05
   13.80   0.16022E-02   0.91915E-05
   14.00   0.12134E-02   0.86678E-05
   14.20   0.88161E-03   0.80555E-05
   14.40   0.61554E-03   0.73784E-05
   14.60   0.41536E-03   0.67222E-05
   14.80   0.27496E-03   0.63112E-05
   15.00   0.18439E-03   0.65905E-05
E=1600     
    2.00   0.87682E+05   0.31933E-06
    2.20   0.51095E+05   0.37977E-06
    2.40   0.30187E+05   0.44034E-06
    2.60   0.17989E+05   0.49954E-06
    2.80   0.10772E+05   0.55565E-06
    3.00   0.64642E+04   0.60688E-06
    3.20   0.38822E+04   0.65149E-06
    3.40   0.23333E+04   0.68825E-06
    3.60   0.14059E+04   0.71730E-06
    3.80   0.85277E+03   0.74155E-06
    4.00   0.52422E+03   0.76837E-06
    4.20   0.32959E+03   0.81066E-06
    4.40   0.21406E+03   0.88491E-06
    4.60   0.14476E+03   0.10048E-05
    4.80   0.10217E+03   0.11728E-05
    5.00   0.74904E+02   0.13774E-05
    5.20   0.56466E+02   0.15986E-05
    5.40   0.43220E+02   0.18166E-05
    5.60   0.33192E+02   0.20171E-05
    5.80   0.25330E+02   0.21917E-05
    6.00   0.19067E+02   0.23359E-05
    6.20   0.14084E+02   0.24466E-05
    6.40   0.10171E+02   0.25209E-05
    6.60   0.71626E+01   0.25551E-05
    6.80   0.49129E+01   0.25455E-05
    7.00   0.32838E+01   0.24902E-05
    7.20   0.21464E+01   0.23947E-05
    7.40   0.13841E+01   0.22840E-05
    7.60   0.89619E+00   0.22212E-05
    7.80   0.59932E+00   0.23175E-05
    8.00   0.42806E+00   0.26844E-05
    8.20   0.33368E+00   0.33171E-05
    8.40   0.28199E+00   0.40545E-05
    8.60   0.25070E+00   0.47141E-05
    8.80   0.22666E+00   0.52117E-05
    9.00   0.20319E+00   0.55474E-05
    9.20   0.17792E+00   0.57510E-05
    9.40   0.15095E+00   0.58510E-05
    9.60   0.12358E+00   0.58655E-05
    9.80   0.97421E-01   0.58034E-05
   10.00   0.73855E-01   0.56661E-05
   10.20   0.53815E-01   0.54519E-05
   10.40   0.37709E-01   0.51616E-05
   10.60   0.25490E-01   0.48122E-05
   10.80   0.16772E-01   0.44668E-05
   11.00   0.10966E-01   0.42872E-05
   11.20   0.74010E-02   0.45645E-05
   11.40   0.54276E-02   0.55569E-05
   11.60   0.44769E-02   0.70938E-05
   11.80   0.40975E-02   0.85879E-05
   12.00   0.39641E-02   0.96266E-05
   12.20   0.38684E-02   0.10185E-04
   12.40   0.36993E-02   0.10396E-04
   12.60   0.34181E-02   0.10383E-04
   12.80   0.30333E-02   0.10223E-04
   13.00   0.25796E-02   0.99518E-05
   13.20   0.21003E-02   0.95852E-05
   13.40   0.16365E-02   0.91249E-05
   13.60   0.12199E-02   0.85680E-05
   13.80   0.87013E-03   0.79188E-05
   14.00   0.59537E-03   0.72125E-05
   14.20   0.39390E-03   0.65699E-05
   14.40   0.25720E-03   0.62961E-05
   14.60   0.17288E-03   0.69415E-05
   14.80   0.12726E-03   0.89539E-05
   15.00   0.10739E-03   0.11823E-04
E=1650     
    2.00   0.78623E+05   0.33798E-06
    2.20   0.45294E+05   0.40050E-06
    2.40   0.26425E+05   0.46263E-06
    2.60   0.15532E+05   0.52265E-06
    2.80   0.91654E+04   0.57864E-06
    3.00   0.54166E+04   0.62860E-06
    3.20   0.32030E+04   0.67082E-06
    3.40   0.18968E+04   0.70453E-06
    3.60   0.11286E+04   0.73120E-06
    3.80   0.67869E+03   0.75646E-06
    4.00   0.41624E+03   0.79186E-06
    4.20   0.26319E+03   0.85441E-06
    4.40   0.17328E+03   0.96122E-06
    4.60   0.11938E+03   0.11200E-05
    4.80   0.85820E+02   0.13225E-05
    5.00   0.63752E+02   0.15484E-05
    5.20   0.48280E+02   0.17753E-05
    5.40   0.36780E+02   0.19862E-05
    5.60   0.27874E+02   0.21706E-05
    5.80   0.20840E+02   0.23233E-05
    6.00   0.15278E+02   0.24406E-05
    6.20   0.10937E+02   0.25193E-05
    6.40   0.76246E+01   0.25557E-05
    6.60   0.51683E+01   0.25455E-05
    6.80   0.34086E+01   0.24867E-05
    7.00   0.21960E+01   0.23859E-05
    7.20   0.13962E+01   0.22729E-05
    7.40   0.89411E+00   0.22222E-05
    7.60   0.59559E+00   0.23601E-05
    7.80   0.42782E+00   0.27968E-05
    8.00   0.33759E+00   0.34912E-05
    8.20   0.28851E+00   0.42463E-05
    8.40   0.25762E+00   0.48835E-05
    8.60   0.23205E+00   0.53419E-05
    8.80   0.20584E+00   0.56374E-05
    9.00   0.17743E+00   0.58041E-05
    9.20   0.14759E+00   0.58694E-05
    9.40   0.11807E+00   0.58487E-05
    9.60   0.90666E-01   0.57480E-05
    9.80   0.66766E-01   0.55665E-05
   10.00   0.47142E-01   0.53028E-05
   10.20   0.31974E-01   0.49646E-05
   10.40   0.20967E-01   0.45938E-05
   10.60   0.13514E-01   0.43165E-05
   10.80   0.88602E-02   0.44024E-05
   11.00   0.62315E-02   0.51860E-05
   11.20   0.49327E-02   0.66640E-05
   11.40   0.43994E-02   0.82718E-05
   11.60   0.42173E-02   0.94600E-05
   11.80   0.41165E-02   0.10121E-04
   12.00   0.39486E-02   0.10386E-04
   12.20   0.36571E-02   0.10397E-04
   12.40   0.32464E-02   0.10244E-04
   12.60   0.27544E-02   0.99713E-05
   12.80   0.22315E-02   0.95961E-05
   13.00   0.17252E-02   0.91209E-05
   13.20   0.12724E-02   0.85426E-05
   13.40   0.89563E-03   0.78666E-05
   13.60   0.60336E-03   0.71359E-05
   13.80   0.39283E-03   0.64979E-05
   14.00   0.25343E-03   0.63223E-05
   14.20   0.17037E-03   0.72377E-05
   14.40   0.12781E-03   0.96002E-05
   14.60   0.11112E-03   0.12572E-04
   14.80   0.10829E-03   0.14797E-04
   15.00   0.11050E-03   0.15855E-04
E=1700     
    2.00   0.70499E+05   0.35673E-06
    2.20   0.40137E+05   0.42119E-06
    2.40   0.23113E+05   0.48465E-06
    2.60   0.13396E+05   0.54516E-06
    2.80   0.77872E+04   0.60056E-06
    3.00   0.45313E+04   0.64875E-06
    3.20   0.26389E+04   0.68817E-06
    3.40   0.15412E+04   0.71892E-06
    3.60   0.90714E+03   0.74459E-06
    3.80   0.54261E+03   0.77456E-06
    4.00   0.33355E+03   0.82510E-06
    4.20   0.21319E+03   0.91590E-06
    4.40   0.14282E+03   0.10605E-05
    4.60   0.10029E+03   0.12563E-05
    4.80   0.73192E+02   0.14844E-05
    5.00   0.54749E+02   0.17199E-05
    5.20   0.41352E+02   0.19422E-05
    5.40   0.31136E+02   0.21385E-05
    5.60   0.23143E+02   0.23018E-05
    5.80   0.16864E+02   0.24281E-05
    6.00   0.11988E+02   0.25140E-05
    6.20   0.82864E+01   0.25553E-05
    6.40   0.55606E+01   0.25474E-05
    6.60   0.36242E+01   0.24880E-05
    6.80   0.23040E+01   0.23840E-05
    7.00   0.14449E+01   0.22682E-05
    7.20   0.91439E+00   0.22244E-05
    7.40   0.60523E+00   0.23924E-05
    7.60   0.43545E+00   0.28822E-05
    7.80   0.34609E+00   0.36225E-05
    8.00   0.29768E+00   0.43887E-05
    8.20   0.26610E+00   0.50075E-05
    8.40   0.23842E+00   0.54360E-05
    8.60   0.20922E+00   0.57006E-05
    8.80   0.17763E+00   0.58379E-05
    9.00   0.14501E+00   0.58739E-05
    9.20   0.11348E+00   0.58218E-05
    9.40   0.84996E-01   0.56848E-05
    9.60   0.60879E-01   0.54612E-05
    9.80   0.41723E-01   0.51518E-05
   10.00   0.27466E-01   0.47777E-05
   10.20   0.17568E-01   0.44213E-05
   10.40   0.11218E-01   0.42970E-05
   10.60   0.75162E-02   0.47686E-05
   10.80   0.56113E-02   0.60519E-05
   11.00   0.47865E-02   0.77420E-05
   11.20   0.44995E-02   0.91440E-05
   11.40   0.43845E-02   0.99801E-05
   11.60   0.42308E-02   0.10349E-04
   11.80   0.39473E-02   0.10414E-04
   12.00   0.35249E-02   0.10287E-04
   12.20   0.30014E-02   0.10027E-04
   12.40   0.24336E-02   0.96563E-05
   12.60   0.18779E-02   0.91796E-05
   12.80   0.13784E-02   0.85934E-05
   13.00   0.96268E-03   0.79018E-05
   13.20   0.64165E-03   0.71481E-05
   13.40   0.41239E-03   0.64896E-05
   13.60   0.26268E-03   0.63323E-05
   13.80   0.17536E-03   0.73658E-05
   14.00   0.13215E-03   0.99160E-05
   14.20   0.11640E-03   0.12954E-04
   14.40   0.11464E-03   0.15070E-04
   14.60   0.11726E-03   0.15973E-04
   14.80   0.11834E-03   0.16053E-04
   15.00   0.11509E-03   0.15678E-04
E=1750     
    2.00   0.63207E+05   0.37555E-06
    2.20   0.35549E+05   0.44178E-06
    2.40   0.20199E+05   0.50632E-06
    2.60   0.11539E+05   0.56694E-06
    2.80   0.66064E+04   0.62129E-06
    3.00   0.37851E+04   0.66721E-06
    3.20   0.21718E+04   0.70359E-06
    3.40   0.12525E+04   0.73198E-06
    3.60   0.73113E+03   0.75905E-06
    3.80   0.43672E+03   0.79889E-06
    4.00   0.27040E+03   0.87212E-06
    4.20   0.17547E+03   0.99785E-06
    4.40   0.11981E+03   0.11811E-05
    4.60   0.85577E+02   0.14073E-05
    4.80   0.63067E+02   0.16499E-05
    5.00   0.47176E+02   0.18843E-05
    5.20   0.35293E+02   0.20941E-05
    5.40   0.26104E+02   0.22704E-05
    5.60   0.18931E+02   0.24083E-05
    5.80   0.13385E+02   0.25041E-05
    6.00   0.91920E+01   0.25533E-05
    6.20   0.61180E+01   0.25511E-05
    6.40   0.39475E+01   0.24942E-05
    6.60   0.24795E+01   0.23890E-05
    6.80   0.15342E+01   0.22694E-05
    7.00   0.95814E+00   0.22250E-05
    7.20   0.62804E+00   0.24082E-05
    7.40   0.45034E+00   0.29332E-05
    7.60   0.35863E+00   0.37080E-05
    7.80   0.30924E+00   0.44855E-05
    8.00   0.27615E+00   0.50938E-05
    8.20   0.24600E+00   0.55022E-05
    8.40   0.21368E+00   0.57444E-05
    8.60   0.17889E+00   0.58589E-05
    8.80   0.14353E+00   0.58705E-05
    9.00   0.11005E+00   0.57904E-05
    9.20   0.80519E-01   0.56200E-05
    9.40   0.56188E-01   0.53572E-05
    9.60   0.37455E-01   0.50078E-05
    9.80   0.24009E-01   0.46141E-05
   10.00   0.15075E-01   0.43161E-05
   10.20   0.96514E-02   0.44295E-05
   10.40   0.67129E-02   0.53407E-05
   10.60   0.53488E-02   0.69750E-05
   10.80   0.48380E-02   0.86161E-05
   11.00   0.46717E-02   0.97163E-05
   11.20   0.45379E-02   0.10257E-04
   11.40   0.42841E-02   0.10417E-04
   11.60   0.38711E-02   0.10341E-04
   11.80   0.33287E-02   0.10110E-04
   12.00   0.27185E-02   0.97584E-05
   12.20   0.21069E-02   0.92944E-05
   12.40   0.15487E-02   0.87154E-05
   12.60   0.10799E-02   0.80219E-05
   12.80   0.71598E-03   0.72495E-05
   13.00   0.45579E-03   0.65439E-05
   13.20   0.28625E-03   0.63088E-05
   13.40   0.18794E-03   0.72786E-05
   13.60   0.13984E-03   0.98628E-05
   13.80   0.12270E-03   0.12993E-04
   14.00   0.12102E-03   0.15145E-04
   14.20   0.12388E-03   0.16023E-04
   14.40   0.12471E-03   0.16058E-04
   14.60   0.12053E-03   0.15637E-04
   14.80   0.11096E-03   0.14961E-04
   15.00   0.97173E-04   0.14114E-04
E=1800     
    2.00   0.56658E+05   0.39440E-06
    2.20   0.31468E+05   0.46222E-06
    2.40   0.17636E+05   0.52754E-06
    2.60   0.99274E+04   0.58787E-06
    2.80   0.55966E+04   0.64068E-06
    3.00   0.31576E+04   0.68392E-06
    3.20   0.17864E+04   0.71732E-06
    3.40   0.10191E+04   0.74464E-06
    3.60   0.59183E+03   0.77672E-06
    3.80   0.35459E+03   0.83290E-06
    4.00   0.22219E+03   0.93623E-06
    4.20   0.14682E+03   0.11005E-05
    4.40   0.10213E+03   0.13187E-05
    4.60   0.73881E+02   0.15652E-05
    4.80   0.54626E+02   0.18115E-05
    5.00   0.40585E+02   0.20363E-05
    5.20   0.29888E+02   0.22278E-05
    5.40   0.21601E+02   0.23799E-05
    5.60   0.15217E+02   0.24884E-05
    5.80   0.10402E+02   0.25487E-05
    6.00   0.68807E+01   0.25554E-05
    6.20   0.44034E+01   0.25045E-05
    6.40   0.27369E+01   0.24008E-05
    6.60   0.16714E+01   0.22765E-05
    6.80   0.10286E+01   0.22235E-05
    7.00   0.66508E+00   0.24045E-05
    7.20   0.47260E+00   0.29458E-05
    7.40   0.37509E+00   0.37470E-05
    7.60   0.32314E+00   0.45400E-05
    7.80   0.28792E+00   0.51477E-05
    8.00   0.25508E+00   0.55460E-05
    8.20   0.21958E+00   0.57741E-05
    8.40   0.18156E+00   0.58720E-05
    8.60   0.14342E+00   0.58639E-05
    8.80   0.10794E+00   0.57595E-05
    9.00   0.77291E-01   0.55589E-05
    9.20   0.52651E-01   0.52605E-05
    9.40   0.34217E-01   0.48783E-05
    9.60   0.21436E-01   0.44834E-05
    9.80   0.13299E-01   0.42883E-05
   10.00   0.86273E-02   0.47010E-05
   10.20   0.62832E-02   0.60182E-05
   10.40   0.53096E-02   0.78051E-05
   10.60   0.49912E-02   0.92520E-05
   10.80   0.48583E-02   0.10065E-04
   11.00   0.46535E-02   0.10383E-04
   11.20   0.42787E-02   0.10393E-04
   11.40   0.37399E-02   0.10211E-04
   11.60   0.30972E-02   0.98916E-05
   11.80   0.24273E-02   0.94539E-05
   12.00   0.17991E-02   0.88970E-05
   12.20   0.12608E-02   0.82180E-05
   12.40   0.83679E-03   0.74389E-05
   12.60   0.53009E-03   0.66751E-05
   12.80   0.32829E-03   0.62839E-05
   13.00   0.21016E-03   0.70055E-05
   13.20   0.15160E-03   0.94399E-05
   13.40   0.13009E-03   0.12680E-04
   13.60   0.12734E-03   0.15017E-04
   13.80   0.13036E-03   0.16002E-04
   14.00   0.13136E-03   0.16074E-04
   14.20   0.12682E-03   0.15654E-04
   14.40   0.11629E-03   0.14964E-04
   14.60   0.10115E-03   0.14087E-04
   14.80   0.83563E-04   0.13045E-04
   15.00   0.65682E-04   0.11826E-04
E=1850     
    2.00   0.50772E+05   0.41324E-06
    2.20   0.27837E+05   0.48243E-06
    2.40   0.15383E+05   0.54822E-06
    2.60   0.85296E+04   0.60784E-06
    2.80   0.47346E+04   0.65864E-06
    3.00   0.26314E+04   0.69892E-06
    3.20   0.14695E+04   0.72978E-06
    3.40   0.83113E+03   0.75823E-06
    3.60   0.48201E+03   0.80025E-06
    3.80   0.29103E+03   0.87997E-06
    4.00   0.18528E+03   0.10193E-05
    4.20   0.12481E+03   0.12216E-05
    4.40   0.88185E+02   0.14667E-05
    4.60   0.64243E+02   0.17230E-05
    4.80   0.47339E+02   0.19636E-05
    5.00   0.34714E+02   0.21724E-05
    5.20   0.25030E+02   0.23413E-05
    5.40   0.17597E+02   0.24653E-05
    5.60   0.11997E+02   0.25398E-05
    5.80   0.79044E+01   0.25591E-05
    6.00   0.50282E+01   0.25180E-05
    6.20   0.30978E+01   0.24190E-05
    6.40   0.18688E+01   0.22903E-05
    6.60   0.11319E+01   0.22212E-05
    6.80   0.71896E+00   0.23818E-05
    7.00   0.50317E+00   0.29190E-05
    7.20   0.39575E+00   0.37389E-05
    7.40   0.33956E+00   0.45538E-05
    7.60   0.30164E+00   0.51723E-05
    7.80   0.26599E+00   0.55710E-05
    8.00   0.22727E+00   0.57930E-05
    8.20   0.18597E+00   0.58805E-05
    8.40   0.14493E+00   0.58578E-05
    8.60   0.10729E+00   0.57334E-05
    8.80   0.75352E-01   0.55065E-05
    9.00   0.50217E-01   0.51769E-05
    9.20   0.31896E-01   0.47691E-05
    9.40   0.19596E-01   0.43900E-05
    9.60   0.12081E-01   0.43331E-05
    9.80   0.79982E-02   0.50670E-05
   10.00   0.61049E-02   0.66957E-05
   10.20   0.54037E-02   0.84773E-05
   10.40   0.51894E-02   0.96904E-05
   10.60   0.50329E-02   0.10269E-04
   10.80   0.47288E-02   0.10420E-04
   11.00   0.42288E-02   0.10316E-04
   11.20   0.35766E-02   0.10046E-04
   11.40   0.28551E-02   0.96462E-05
   11.60   0.21493E-02   0.91238E-05
   11.80   0.15250E-02   0.84747E-05
   12.00   0.10205E-02   0.77075E-05
   12.20   0.64755E-03   0.68978E-05
   12.40   0.39689E-03   0.63213E-05
   12.60   0.24664E-03   0.66523E-05
   12.80   0.16964E-03   0.87053E-05
   13.00   0.13936E-03   0.11988E-04
   13.20   0.13369E-03   0.14644E-04
   13.40   0.13662E-03   0.15872E-04
   13.60   0.13829E-03   0.16064E-04
   13.80   0.13410E-03   0.15698E-04
   14.00   0.12321E-03   0.15030E-04
   14.20   0.10707E-03   0.14160E-04
   14.40   0.88103E-04   0.13110E-04
   14.60   0.68785E-04   0.11865E-04
   14.80   0.51080E-04   0.10404E-04
   15.00   0.36213E-04   0.87256E-05
E=1900     
    2.00   0.45481E+05   0.43202E-06
    2.20   0.24608E+05   0.50235E-06
    2.40   0.13403E+05   0.56826E-06
    2.60   0.73193E+04   0.62673E-06
    2.80   0.40004E+04   0.67510E-06
    3.00   0.21914E+04   0.71234E-06
    3.20   0.12099E+04   0.74171E-06
    3.40   0.68039E+03   0.77453E-06
    3.60   0.39571E+03   0.83260E-06
    3.80   0.24185E+03   0.94283E-06
    4.00   0.15683E+03   0.11209E-05
    4.20   0.10756E+03   0.13565E-05
    4.40   0.76844E+02   0.16186E-05
    4.60   0.56020E+02   0.18745E-05
    4.80   0.40880E+02   0.21023E-05
    5.00   0.29425E+02   0.22904E-05
    5.20   0.20677E+02   0.24329E-05
    5.40   0.14087E+02   0.25247E-05
    5.60   0.92653E+01   0.25601E-05
    5.80   0.58723E+01   0.25329E-05
    6.00   0.35938E+01   0.24426E-05
    6.20   0.21444E+01   0.23118E-05
    6.40   0.12776E+01   0.22216E-05
    6.60   0.79421E+00   0.23444E-05
    6.80   0.54391E+00   0.28544E-05
    7.00   0.42131E+00   0.36832E-05
    7.20   0.35879E+00   0.45268E-05
    7.40   0.31758E+00   0.51686E-05
    7.60   0.27904E+00   0.55785E-05
    7.80   0.23711E+00   0.58030E-05
    8.00   0.19243E+00   0.58867E-05
    8.20   0.14831E+00   0.58549E-05
    8.40   0.10826E+00   0.57155E-05
    8.60   0.74746E-01   0.54670E-05
    8.80   0.48849E-01   0.51110E-05
    9.00   0.30400E-01   0.46836E-05
    9.20   0.18370E-01   0.43319E-05
    9.40   0.11299E-01   0.44311E-05
    9.60   0.76561E-02   0.54685E-05
    9.80   0.60939E-02   0.73001E-05
   10.00   0.55750E-02   0.89905E-05
   10.20   0.54034E-02   0.99879E-05
   10.40   0.51884E-02   0.10385E-04
   10.60   0.47728E-02   0.10411E-04
   10.80   0.41523E-02   0.10214E-04
   11.00   0.34019E-02   0.98652E-05
   11.20   0.26210E-02   0.93862E-05
   11.40   0.18975E-02   0.87781E-05
   11.60   0.12908E-02   0.80407E-05
   11.80   0.82722E-03   0.72134E-05
   12.00   0.50566E-03   0.64781E-05
   12.20   0.30596E-03   0.63691E-05
   12.40   0.19858E-03   0.78076E-05
   12.60   0.15249E-03   0.10926E-04
   12.80   0.14061E-03   0.13970E-04
   13.00   0.14256E-03   0.15586E-04
   13.20   0.14533E-03   0.15985E-04
   13.40   0.14235E-03   0.15717E-04
   13.60   0.13189E-03   0.15103E-04
   13.80   0.11522E-03   0.14273E-04
   14.00   0.95002E-04   0.13256E-04
   14.20   0.74087E-04   0.12034E-04
   14.40   0.54789E-04   0.10577E-04
   14.60   0.38568E-04   0.88734E-05
   14.80   0.26026E-04   0.70001E-05
   15.00   0.17073E-04   0.52590E-05
E=1950     
    2.00   0.40723E+05   0.45069E-06
    2.20   0.21736E+05   0.52192E-06
    2.40   0.11666E+05   0.58758E-06
    2.60   0.62729E+04   0.64446E-06
    2.80   0.33765E+04   0.69004E-06
    3.00   0.18247E+04   0.72448E-06
    3.20   0.99792E+03   0.75412E-06
    3.40   0.55992E+03   0.79575E-06
    3.60   0.32800E+03   0.87668E-06
    3.80   0.20367E+03   0.10229E-05
    4.00   0.13462E+03   0.12386E-05
    4.20   0.93716E+02   0.14994E-05
    4.40   0.67312E+02   0.17682E-05
    4.60   0.48796E+02   0.20157E-05
    4.80   0.35063E+02   0.22253E-05
    5.00   0.24654E+02   0.23888E-05
    5.20   0.16817E+02   0.25010E-05
    5.40   0.11067E+02   0.25559E-05
    5.60   0.70060E+01   0.25467E-05
    5.80   0.42700E+01   0.24700E-05
    6.00   0.25251E+01   0.23411E-05
    6.20   0.14803E+01   0.22289E-05
    6.40   0.89814E+00   0.22997E-05
    6.60   0.59806E+00   0.27571E-05
    6.80   0.45302E+00   0.35799E-05
    7.00   0.38131E+00   0.44573E-05
    7.20   0.33602E+00   0.51351E-05
    7.40   0.29456E+00   0.55681E-05
    7.60   0.24945E+00   0.58039E-05
    7.80   0.20129E+00   0.58911E-05
    8.00   0.15383E+00   0.58565E-05
    8.20   0.11101E+00   0.57081E-05
    8.40   0.75544E-01   0.54438E-05
    8.60   0.48535E-01   0.50664E-05
    8.80   0.29663E-01   0.46235E-05
    9.00   0.17669E-01   0.43023E-05
    9.20   0.10859E-01   0.45537E-05
    9.40   0.75210E-02   0.58495E-05
    9.60   0.61923E-02   0.77980E-05
    9.80   0.57893E-02   0.93724E-05
   10.00   0.56203E-02   0.10195E-04
   10.20   0.53281E-02   0.10456E-04
   10.40   0.47989E-02   0.10384E-04
   10.60   0.40667E-02   0.10109E-04
   10.80   0.32327E-02   0.96844E-05
   11.00   0.24078E-02   0.91243E-05
   11.20   0.16794E-02   0.84282E-05
   11.40   0.10977E-02   0.76110E-05
   11.60   0.67684E-03   0.67736E-05
   11.80   0.40334E-03   0.62774E-05
   12.00   0.24752E-03   0.69624E-05
   12.20   0.17402E-03   0.95678E-05
   12.40   0.14972E-03   0.12940E-04
   12.60   0.14833E-03   0.15112E-04
   12.80   0.15207E-03   0.15831E-04
   13.00   0.15118E-03   0.15698E-04
   13.20   0.14217E-03   0.15147E-04
   13.40   0.12572E-03   0.14365E-04
   13.60   0.10456E-03   0.13402E-04
   13.80   0.81960E-04   0.12243E-04
   14.00   0.60719E-04   0.10850E-04
   14.20   0.42675E-04   0.91893E-05
   14.40   0.28651E-04   0.73027E-05
   14.60   0.18634E-04   0.54466E-05
   14.80   0.12058E-04   0.43256E-05
   15.00   0.80996E-05   0.51470E-05
E=2000     
    2.00   0.36444E+05   0.46922E-06
    2.20   0.19183E+05   0.54106E-06
    2.40   0.10143E+05   0.60609E-06
    2.60   0.53699E+04   0.66093E-06
    2.80   0.28476E+04   0.70352E-06
    3.00   0.15199E+04   0.73583E-06
    3.20   0.82550E+03   0.76842E-06
    3.40   0.46391E+03   0.82439E-06
    3.60   0.27490E+03   0.93488E-06
    3.80   0.17385E+03   0.11198E-05
    4.00   0.11698E+03   0.13684E-05
    4.20   0.82275E+02   0.16445E-05
    4.40   0.59051E+02   0.19109E-05
    4.60   0.42317E+02   0.21437E-05
    4.80   0.29791E+02   0.23308E-05
    5.00   0.20378E+02   0.24661E-05
    5.20   0.13448E+02   0.25437E-05
    5.40   0.85258E+01   0.25564E-05
    5.60   0.51896E+01   0.24985E-05
    5.80   0.30497E+01   0.23777E-05
    6.00   0.17621E+01   0.22471E-05
    6.20   0.10421E+01   0.22576E-05
    6.40   0.67082E+00   0.26362E-05
    6.60   0.49298E+00   0.34303E-05
    6.80   0.40790E+00   0.43419E-05
    7.00   0.35733E+00   0.50684E-05
    7.20   0.31284E+00   0.55369E-05
    7.40   0.26463E+00   0.57938E-05
    7.60   0.21290E+00   0.58923E-05
    7.80   0.16178E+00   0.58621E-05
    8.00   0.11575E+00   0.57118E-05
    8.20   0.77861E-01   0.54386E-05
    8.40   0.49308E-01   0.50459E-05
    8.60   0.29660E-01   0.45895E-05
    8.80   0.17436E-01   0.42914E-05
    9.00   0.10700E-01   0.46691E-05
    9.20   0.75395E-02   0.61657E-05
    9.40   0.63637E-02   0.81785E-05
    9.60   0.60288E-02   0.96512E-05
    9.80   0.58381E-02   0.10346E-04
   10.00   0.54610E-02   0.10510E-04
   10.20   0.48213E-02   0.10363E-04
   10.40   0.39870E-02   0.10020E-04
   10.60   0.30811E-02   0.95216E-05
   10.80   0.22229E-02   0.88778E-05
   11.00   0.14966E-02   0.80918E-05
   11.20   0.94269E-03   0.72089E-05
   11.40   0.56267E-03   0.64364E-05
   11.60   0.33179E-03   0.63936E-05
   11.80   0.21224E-03   0.81179E-05
   12.00   0.16445E-03   0.11521E-04
   12.20   0.15452E-03   0.14426E-04
   12.40   0.15788E-03   0.15661E-04
   12.60   0.15973E-03   0.15722E-04
   12.80   0.15349E-03   0.15219E-04
   13.00   0.13840E-03   0.14448E-04
   13.20   0.11695E-03   0.13508E-04
   13.40   0.92783E-04   0.12404E-04
   13.60   0.69302E-04   0.11098E-04
   13.80   0.48913E-04   0.95422E-05
   14.00   0.32828E-04   0.77310E-05
   14.20   0.21223E-04   0.58261E-05
   14.40   0.13559E-04   0.43985E-05
   14.60   0.89371E-05   0.46154E-05
   14.80   0.63867E-05   0.76320E-05
   15.00   0.50639E-05   0.13054E-04
