 E=   500.00000000000000     
    2.00,   0.15657E+07,   0.11041E-07
    2.20,   0.10670E+07,   0.17852E-07
    2.40,   0.75012E+06,   0.25756E-07
    2.60,   0.54104E+06,   0.34692E-07
    2.80,   0.39872E+06,   0.44597E-07
    3.00,   0.29923E+06,   0.55410E-07
    3.20,   0.22808E+06,   0.67075E-07
    3.40,   0.17620E+06,   0.79539E-07
    3.60,   0.13771E+06,   0.92749E-07
    3.80,   0.10873E+06,   0.10666E-06
    4.00,   0.86608E+05,   0.12122E-06
    4.20,   0.69531E+05,   0.13640E-06
    4.40,   0.56208E+05,   0.15214E-06
    4.60,   0.45717E+05,   0.16842E-06
    4.80,   0.37386E+05,   0.18519E-06
    5.00,   0.30721E+05,   0.20242E-06
    5.20,   0.25353E+05,   0.22007E-06
    5.40,   0.21003E+05,   0.23811E-06
    5.60,   0.17459E+05,   0.25649E-06
    5.80,   0.14557E+05,   0.27518E-06
    6.00,   0.12170E+05,   0.29415E-06
    6.20,   0.10199E+05,   0.31335E-06
    6.40,   0.85655E+04,   0.33276E-06
    6.60,   0.72069E+04,   0.35231E-06
    6.80,   0.60738E+04,   0.37199E-06
    7.00,   0.51263E+04,   0.39173E-06
    7.20,   0.43319E+04,   0.41150E-06
    7.40,   0.36646E+04,   0.43124E-06
    7.60,   0.31030E+04,   0.45092E-06
    7.80,   0.26295E+04,   0.47046E-06
    8.00,   0.22296E+04,   0.48983E-06
    8.20,   0.18916E+04,   0.50896E-06
    8.40,   0.16055E+04,   0.52780E-06
    8.60,   0.13632E+04,   0.54628E-06
    8.80,   0.11577E+04,   0.56434E-06
    9.00,   0.98338E+03,   0.58191E-06
    9.20,   0.83541E+03,   0.59893E-06
    9.40,   0.70978E+03,   0.61534E-06
    9.60,   0.60307E+03,   0.63107E-06
    9.80,   0.51244E+03,   0.64606E-06
   10.00,   0.43544E+03,   0.66027E-06
   10.20,   0.37005E+03,   0.67363E-06
   10.40,   0.31451E+03,   0.68611E-06
   10.60,   0.26736E+03,   0.69770E-06
   10.80,   0.22733E+03,   0.70840E-06
   11.00,   0.19337E+03,   0.71822E-06
   11.20,   0.16457E+03,   0.72723E-06
   11.40,   0.14016E+03,   0.73552E-06
   11.60,   0.11947E+03,   0.74322E-06
   11.80,   0.10194E+03,   0.75053E-06
   12.00,   0.87107E+02,   0.75769E-06
   12.20,   0.74553E+02,   0.76503E-06
   12.40,   0.63932E+02,   0.77290E-06
   12.60,   0.54949E+02,   0.78176E-06
   12.80,   0.47351E+02,   0.79210E-06
   13.00,   0.40925E+02,   0.80446E-06
   13.20,   0.35487E+02,   0.81942E-06
   13.40,   0.30884E+02,   0.83754E-06
   13.60,   0.26983E+02,   0.85939E-06
   13.80,   0.23674E+02,   0.88543E-06
   14.00,   0.20861E+02,   0.91606E-06
   14.20,   0.18464E+02,   0.95157E-06
   14.40,   0.16418E+02,   0.99207E-06
   14.60,   0.14663E+02,   0.10375E-05
   14.80,   0.13154E+02,   0.10878E-05
   15.00,   0.11850E+02,   0.11425E-05
 E=   550.00000000000000     
    2.00,   0.12887E+07,   0.17693E-07
    2.20,   0.87581E+06,   0.26391E-07
    2.40,   0.61365E+06,   0.36326E-07
    2.60,   0.44093E+06,   0.47415E-07
    2.80,   0.32355E+06,   0.59581E-07
    3.00,   0.24167E+06,   0.72749E-07
    3.20,   0.18327E+06,   0.86851E-07
    3.40,   0.14079E+06,   0.10182E-06
    3.60,   0.10938E+06,   0.11760E-06
    3.80,   0.85804E+05,   0.13413E-06
    4.00,   0.67885E+05,   0.15135E-06
    4.20,   0.54109E+05,   0.16922E-06
    4.40,   0.43410E+05,   0.18768E-06
    4.60,   0.35026E+05,   0.20669E-06
    4.80,   0.28405E+05,   0.22620E-06
    5.00,   0.23137E+05,   0.24616E-06
    5.20,   0.18921E+05,   0.26651E-06
    5.40,   0.15526E+05,   0.28722E-06
    5.60,   0.12779E+05,   0.30824E-06
    5.80,   0.10546E+05,   0.32950E-06
    6.00,   0.87229E+04,   0.35097E-06
    6.20,   0.72297E+04,   0.37257E-06
    6.40,   0.60025E+04,   0.39427E-06
    6.60,   0.49911E+04,   0.41598E-06
    6.80,   0.41553E+04,   0.43766E-06
    7.00,   0.34631E+04,   0.45924E-06
    7.20,   0.28888E+04,   0.48064E-06
    7.40,   0.24115E+04,   0.50179E-06
    7.60,   0.20141E+04,   0.52261E-06
    7.80,   0.16830E+04,   0.54302E-06
    8.00,   0.14068E+04,   0.56295E-06
    8.20,   0.11762E+04,   0.58231E-06
    8.40,   0.98353E+03,   0.60100E-06
    8.60,   0.82252E+03,   0.61895E-06
    8.80,   0.68792E+03,   0.63607E-06
    9.00,   0.57538E+03,   0.65228E-06
    9.20,   0.48129E+03,   0.66752E-06
    9.40,   0.40262E+03,   0.68173E-06
    9.60,   0.33688E+03,   0.69487E-06
    9.80,   0.28194E+03,   0.70693E-06
   10.00,   0.23606E+03,   0.71793E-06
   10.20,   0.19777E+03,   0.72794E-06
   10.40,   0.16581E+03,   0.73707E-06
   10.60,   0.13917E+03,   0.74551E-06
   10.80,   0.11696E+03,   0.75351E-06
   11.00,   0.98464E+02,   0.76142E-06
   11.20,   0.83064E+02,   0.76967E-06
   11.40,   0.70246E+02,   0.77879E-06
   11.60,   0.59580E+02,   0.78940E-06
   11.80,   0.50704E+02,   0.80219E-06
   12.00,   0.43315E+02,   0.81791E-06
   12.20,   0.37162E+02,   0.83732E-06
   12.40,   0.32031E+02,   0.86115E-06
   12.60,   0.27746E+02,   0.89005E-06
   12.80,   0.24161E+02,   0.92454E-06
   13.00,   0.21153E+02,   0.96495E-06
   13.20,   0.18621E+02,   0.10114E-05
   13.40,   0.16479E+02,   0.10638E-05
   13.60,   0.14660E+02,   0.11218E-05
   13.80,   0.13105E+02,   0.11849E-05
   14.00,   0.11767E+02,   0.12524E-05
   14.20,   0.10609E+02,   0.13235E-05
   14.40,   0.95980E+01,   0.13973E-05
   14.60,   0.87091E+01,   0.14730E-05
   14.80,   0.79214E+01,   0.15498E-05
   15.00,   0.72180E+01,   0.16269E-05
 E=   600.00000000000000     
    2.00,   0.10763E+07,   0.25376E-07
    2.20,   0.72905E+06,   0.36100E-07
    2.40,   0.50887E+06,   0.48196E-07
    2.60,   0.36406E+06,   0.61563E-07
    2.80,   0.26586E+06,   0.76106E-07
    3.00,   0.19753E+06,   0.91738E-07
    3.20,   0.14893E+06,   0.10838E-06
    3.40,   0.11371E+06,   0.12594E-06
    3.60,   0.87752E+05,   0.14437E-06
    3.80,   0.68354E+05,   0.16359E-06
    4.00,   0.53675E+05,   0.18353E-06
    4.20,   0.42444E+05,   0.20413E-06
    4.40,   0.33769E+05,   0.22533E-06
    4.60,   0.27009E+05,   0.24706E-06
    4.80,   0.21703E+05,   0.26928E-06
    5.00,   0.17509E+05,   0.29190E-06
    5.20,   0.14175E+05,   0.31487E-06
    5.40,   0.11511E+05,   0.33813E-06
    5.60,   0.93718E+04,   0.36159E-06
    5.80,   0.76472E+04,   0.38519E-06
    6.00,   0.62517E+04,   0.40886E-06
    6.20,   0.51191E+04,   0.43250E-06
    6.40,   0.41972E+04,   0.45605E-06
    6.60,   0.34450E+04,   0.47940E-06
    6.80,   0.28301E+04,   0.50246E-06
    7.00,   0.23265E+04,   0.52513E-06
    7.20,   0.19135E+04,   0.54732E-06
    7.40,   0.15744E+04,   0.56891E-06
    7.60,   0.12957E+04,   0.58979E-06
    7.80,   0.10666E+04,   0.60985E-06
    8.00,   0.87803E+03,   0.62899E-06
    8.20,   0.72287E+03,   0.64709E-06
    8.40,   0.59517E+03,   0.66407E-06
    8.60,   0.49008E+03,   0.67985E-06
    8.80,   0.40362E+03,   0.69437E-06
    9.00,   0.33252E+03,   0.70761E-06
    9.20,   0.27407E+03,   0.71960E-06
    9.40,   0.22605E+03,   0.73041E-06
    9.60,   0.18663E+03,   0.74022E-06
    9.80,   0.15428E+03,   0.74927E-06
   10.00,   0.12776E+03,   0.75793E-06
   10.20,   0.10602E+03,   0.76668E-06
   10.40,   0.88221E+02,   0.77613E-06
   10.60,   0.73644E+02,   0.78704E-06
   10.80,   0.61710E+02,   0.80026E-06
   11.00,   0.51936E+02,   0.81675E-06
   11.20,   0.43927E+02,   0.83748E-06
   11.40,   0.37357E+02,   0.86340E-06
   11.60,   0.31957E+02,   0.89537E-06
   11.80,   0.27507E+02,   0.93403E-06
   12.00,   0.23829E+02,   0.97977E-06
   12.20,   0.20776E+02,   0.10327E-05
   12.40,   0.18228E+02,   0.10926E-05
   12.60,   0.16088E+02,   0.11589E-05
   12.80,   0.14278E+02,   0.12308E-05
   13.00,   0.12734E+02,   0.13073E-05
   13.20,   0.11407E+02,   0.13874E-05
   13.40,   0.10255E+02,   0.14699E-05
   13.60,   0.92463E+01,   0.15538E-05
   13.80,   0.83548E+01,   0.16380E-05
   14.00,   0.75604E+01,   0.17217E-05
   14.20,   0.68470E+01,   0.18042E-05
   14.40,   0.62022E+01,   0.18847E-05
   14.60,   0.56161E+01,   0.19629E-05
   14.80,   0.50810E+01,   0.20382E-05
   15.00,   0.45909E+01,   0.21104E-05
 E=   650.00000000000000     
    2.00,   0.90967E+06,   0.34033E-07
    2.20,   0.61385E+06,   0.46905E-07
    2.40,   0.42661E+06,   0.61276E-07
    2.60,   0.30374E+06,   0.77027E-07
    2.80,   0.22062E+06,   0.94046E-07
    3.00,   0.16297E+06,   0.11223E-06
    3.20,   0.12210E+06,   0.13148E-06
    3.40,   0.92587E+05,   0.15172E-06
    3.60,   0.70935E+05,   0.17285E-06
    3.80,   0.54829E+05,   0.19479E-06
    4.00,   0.42703E+05,   0.21747E-06
    4.20,   0.33477E+05,   0.24081E-06
    4.40,   0.26393E+05,   0.26472E-06
    4.60,   0.20909E+05,   0.28913E-06
    4.80,   0.16634E+05,   0.31396E-06
    5.00,   0.13280E+05,   0.33913E-06
    5.20,   0.10634E+05,   0.36454E-06
    5.40,   0.85379E+04,   0.39010E-06
    5.60,   0.68694E+04,   0.41571E-06
    5.80,   0.55368E+04,   0.44128E-06
    6.00,   0.44692E+04,   0.46670E-06
    6.20,   0.36116E+04,   0.49184E-06
    6.40,   0.29212E+04,   0.51658E-06
    6.60,   0.23644E+04,   0.54080E-06
    6.80,   0.19146E+04,   0.56436E-06
    7.00,   0.15509E+04,   0.58713E-06
    7.20,   0.12566E+04,   0.60896E-06
    7.40,   0.10182E+04,   0.62972E-06
    7.60,   0.82518E+03,   0.64928E-06
    7.80,   0.66878E+03,   0.66751E-06
    8.00,   0.54209E+03,   0.68432E-06
    8.20,   0.43951E+03,   0.69966E-06
    8.40,   0.35648E+03,   0.71350E-06
    8.60,   0.28933E+03,   0.72591E-06
    8.80,   0.23505E+03,   0.73703E-06
    9.00,   0.19121E+03,   0.74713E-06
    9.20,   0.15582E+03,   0.75661E-06
    9.40,   0.12729E+03,   0.76603E-06
    9.60,   0.10429E+03,   0.77613E-06
    9.80,   0.85755E+02,   0.78783E-06
   10.00,   0.70828E+02,   0.80220E-06
   10.20,   0.58799E+02,   0.82046E-06
   10.40,   0.49099E+02,   0.84384E-06
   10.60,   0.41266E+02,   0.87352E-06
   10.80,   0.34925E+02,   0.91053E-06
   11.00,   0.29776E+02,   0.95559E-06
   11.20,   0.25577E+02,   0.10091E-05
   11.40,   0.22134E+02,   0.10708E-05
   11.60,   0.19291E+02,   0.11404E-05
   11.80,   0.16925E+02,   0.12169E-05
   12.00,   0.14939E+02,   0.12991E-05
   12.20,   0.13253E+02,   0.13856E-05
   12.40,   0.11809E+02,   0.14751E-05
   12.60,   0.10557E+02,   0.15662E-05
   12.80,   0.94612E+01,   0.16575E-05
   13.00,   0.84927E+01,   0.17481E-05
   13.20,   0.76291E+01,   0.18370E-05
   13.40,   0.68534E+01,   0.19234E-05
   13.60,   0.61525E+01,   0.20068E-05
   13.80,   0.55161E+01,   0.20866E-05
   14.00,   0.49366E+01,   0.21626E-05
   14.20,   0.44080E+01,   0.22344E-05
   14.40,   0.39254E+01,   0.23017E-05
   14.60,   0.34851E+01,   0.23644E-05
   14.80,   0.30838E+01,   0.24221E-05
   15.00,   0.27189E+01,   0.24748E-05
 E=   700.00000000000000     
    2.00,   0.77637E+06,   0.43608E-07
    2.20,   0.52170E+06,   0.58735E-07
    2.40,   0.36084E+06,   0.75480E-07
    2.60,   0.25554E+06,   0.93706E-07
    2.80,   0.18453E+06,   0.11328E-06
    3.00,   0.13544E+06,   0.13409E-06
    3.20,   0.10078E+06,   0.15602E-06
    3.40,   0.75856E+05,   0.17897E-06
    3.60,   0.57660E+05,   0.20284E-06
    3.80,   0.44196E+05,   0.22752E-06
    4.00,   0.34118E+05,   0.25293E-06
    4.20,   0.26497E+05,   0.27896E-06
    4.40,   0.20685E+05,   0.30551E-06
    4.60,   0.16219E+05,   0.33249E-06
    4.80,   0.12763E+05,   0.35978E-06
    5.00,   0.10075E+05,   0.38726E-06
    5.20,   0.79732E+04,   0.41483E-06
    5.40,   0.63230E+04,   0.44234E-06
    5.60,   0.50227E+04,   0.46967E-06
    5.80,   0.39951E+04,   0.49668E-06
    6.00,   0.31808E+04,   0.52320E-06
    6.20,   0.25344E+04,   0.54907E-06
    6.40,   0.20203E+04,   0.57414E-06
    6.60,   0.16111E+04,   0.59822E-06
    6.80,   0.12850E+04,   0.62114E-06
    7.00,   0.10250E+04,   0.64274E-06
    7.20,   0.81767E+03,   0.66286E-06
    7.40,   0.65238E+03,   0.68137E-06
    7.60,   0.52063E+03,   0.69818E-06
    7.80,   0.41567E+03,   0.71327E-06
    8.00,   0.33210E+03,   0.72670E-06
    8.20,   0.26562E+03,   0.73865E-06
    8.40,   0.21279E+03,   0.74944E-06
    8.60,   0.17083E+03,   0.75960E-06
    8.80,   0.13754E+03,   0.76986E-06
    9.00,   0.11114E+03,   0.78122E-06
    9.20,   0.90213E+02,   0.79487E-06
    9.40,   0.73627E+02,   0.81224E-06
    9.60,   0.60471E+02,   0.83484E-06
    9.80,   0.50024E+02,   0.86420E-06
   10.00,   0.41709E+02,   0.90168E-06
   10.20,   0.35068E+02,   0.94830E-06
   10.40,   0.29740E+02,   0.10046E-05
   10.60,   0.25439E+02,   0.10706E-05
   10.80,   0.21939E+02,   0.11457E-05
   11.00,   0.19066E+02,   0.12287E-05
   11.20,   0.16682E+02,   0.13181E-05
   11.40,   0.14681E+02,   0.14123E-05
   11.60,   0.12981E+02,   0.15095E-05
   11.80,   0.11518E+02,   0.16079E-05
   12.00,   0.10245E+02,   0.17062E-05
   12.20,   0.91250E+01,   0.18030E-05
   12.40,   0.81306E+01,   0.18973E-05
   12.60,   0.72410E+01,   0.19882E-05
   12.80,   0.64404E+01,   0.20752E-05
   13.00,   0.57171E+01,   0.21578E-05
   13.20,   0.50620E+01,   0.22355E-05
   13.40,   0.44682E+01,   0.23081E-05
   13.60,   0.39303E+01,   0.23752E-05
   13.80,   0.34436E+01,   0.24367E-05
   14.00,   0.30045E+01,   0.24921E-05
   14.20,   0.26097E+01,   0.25412E-05
   14.40,   0.22561E+01,   0.25837E-05
   14.60,   0.19408E+01,   0.26192E-05
   14.80,   0.16612E+01,   0.26472E-05
   15.00,   0.14146E+01,   0.26673E-05
 E=   750.00000000000000     
    2.00,   0.66802E+06,   0.54047E-07
    2.20,   0.44682E+06,   0.71522E-07
    2.40,   0.30744E+06,   0.90728E-07
    2.60,   0.21646E+06,   0.11151E-06
    2.80,   0.15532E+06,   0.13371E-06
    3.00,   0.11321E+06,   0.15720E-06
    3.20,   0.83614E+05,   0.18185E-06
    3.40,   0.62437E+05,   0.20754E-06
    3.60,   0.47058E+05,   0.23414E-06
    3.80,   0.35745E+05,   0.26155E-06
    4.00,   0.27332E+05,   0.28963E-06
    4.20,   0.21014E+05,   0.31827E-06
    4.40,   0.16232E+05,   0.34733E-06
    4.60,   0.12586E+05,   0.37668E-06
    4.80,   0.97894E+04,   0.40618E-06
    5.00,   0.76339E+04,   0.43567E-06
    5.20,   0.59651E+04,   0.46499E-06
    5.40,   0.46684E+04,   0.49397E-06
    5.60,   0.36580E+04,   0.52241E-06
    5.80,   0.28686E+04,   0.55013E-06
    6.00,   0.22509E+04,   0.57691E-06
    6.20,   0.17669E+04,   0.60255E-06
    6.40,   0.13872E+04,   0.62683E-06
    6.60,   0.10892E+04,   0.64956E-06
    6.80,   0.85535E+03,   0.67054E-06
    7.00,   0.67183E+03,   0.68964E-06
    7.20,   0.52787E+03,   0.70677E-06
    7.40,   0.41502E+03,   0.72196E-06
    7.60,   0.32664E+03,   0.73534E-06
    7.80,   0.25748E+03,   0.74726E-06
    8.00,   0.20343E+03,   0.75826E-06
    8.20,   0.16122E+03,   0.76920E-06
    8.40,   0.12828E+03,   0.78120E-06
    8.60,   0.10259E+03,   0.79573E-06
    8.80,   0.82555E+02,   0.81451E-06
    9.00,   0.66919E+02,   0.83941E-06
    9.20,   0.54696E+02,   0.87228E-06
    9.40,   0.45115E+02,   0.91472E-06
    9.60,   0.37574E+02,   0.96789E-06
    9.80,   0.31604E+02,   0.10322E-05
   10.00,   0.26841E+02,   0.11075E-05
   10.20,   0.23005E+02,   0.11925E-05
   10.40,   0.19880E+02,   0.12858E-05
   10.60,   0.17301E+02,   0.13853E-05
   10.80,   0.15144E+02,   0.14888E-05
   11.00,   0.13314E+02,   0.15942E-05
   11.20,   0.11740E+02,   0.16997E-05
   11.40,   0.10370E+02,   0.18037E-05
   11.60,   0.91641E+01,   0.19048E-05
   11.80,   0.80936E+01,   0.20020E-05
   12.00,   0.71371E+01,   0.20946E-05
   12.20,   0.62786E+01,   0.21820E-05
   12.40,   0.55064E+01,   0.22638E-05
   12.60,   0.48114E+01,   0.23394E-05
   12.80,   0.41865E+01,   0.24087E-05
   13.00,   0.36259E+01,   0.24713E-05
   13.20,   0.31247E+01,   0.25268E-05
   13.40,   0.26785E+01,   0.25748E-05
   13.60,   0.22833E+01,   0.26149E-05
   13.80,   0.19353E+01,   0.26465E-05
   14.00,   0.16307E+01,   0.26692E-05
   14.20,   0.13659E+01,   0.26823E-05
   14.40,   0.11374E+01,   0.26853E-05
   14.60,   0.94167E+00,   0.26780E-05
   14.80,   0.77542E+00,   0.26601E-05
   15.00,   0.63540E+00,   0.26320E-05
 E=   800.00000000000000     
    2.00,   0.57873E+06,   0.65301E-07
    2.20,   0.38514E+06,   0.85206E-07
    2.40,   0.26350E+06,   0.10695E-06
    2.60,   0.18437E+06,   0.13034E-06
    2.80,   0.13139E+06,   0.15522E-06
    3.00,   0.95062E+05,   0.18143E-06
    3.20,   0.69649E+05,   0.20882E-06
    3.40,   0.51566E+05,   0.23725E-06
    3.60,   0.38512E+05,   0.26657E-06
    3.80,   0.28972E+05,   0.29664E-06
    4.00,   0.21926E+05,   0.32730E-06
    4.20,   0.16677E+05,   0.35840E-06
    4.40,   0.12736E+05,   0.38977E-06
    4.60,   0.97582E+04,   0.42124E-06
    4.80,   0.74960E+04,   0.45260E-06
    5.00,   0.57698E+04,   0.48366E-06
    5.20,   0.44478E+04,   0.51420E-06
    5.40,   0.34324E+04,   0.54398E-06
    5.60,   0.26507E+04,   0.57275E-06
    5.80,   0.20480E+04,   0.60027E-06
    6.00,   0.15827E+04,   0.62628E-06
    6.20,   0.12233E+04,   0.65053E-06
    6.40,   0.94560E+03,   0.67280E-06
    6.60,   0.73112E+03,   0.69293E-06
    6.80,   0.56554E+03,   0.71082E-06
    7.00,   0.43781E+03,   0.72652E-06
    7.20,   0.33938E+03,   0.74027E-06
    7.40,   0.26362E+03,   0.75254E-06
    7.60,   0.20536E+03,   0.76414E-06
    7.80,   0.16061E+03,   0.77623E-06
    8.00,   0.12627E+03,   0.79039E-06
    8.20,   0.99917E+02,   0.80859E-06
    8.40,   0.79686E+02,   0.83302E-06
    8.60,   0.64133E+02,   0.86596E-06
    8.80,   0.52142E+02,   0.90946E-06
    9.00,   0.42857E+02,   0.96498E-06
    9.20,   0.35621E+02,   0.10332E-05
    9.40,   0.29934E+02,   0.11138E-05
    9.60,   0.25415E+02,   0.12055E-05
    9.80,   0.21777E+02,   0.13062E-05
   10.00,   0.18805E+02,   0.14136E-05
   10.20,   0.16339E+02,   0.15249E-05
   10.40,   0.14260E+02,   0.16377E-05
   10.60,   0.12481E+02,   0.17498E-05
   10.80,   0.10938E+02,   0.18595E-05
   11.00,   0.95845E+01,   0.19652E-05
   11.20,   0.83876E+01,   0.20661E-05
   11.40,   0.73228E+01,   0.21612E-05
   11.60,   0.63722E+01,   0.22499E-05
   11.80,   0.55227E+01,   0.23319E-05
   12.00,   0.47640E+01,   0.24066E-05
   12.20,   0.40882E+01,   0.24737E-05
   12.40,   0.34884E+01,   0.25328E-05
   12.60,   0.29587E+01,   0.25832E-05
   12.80,   0.24936E+01,   0.26246E-05
   13.00,   0.20879E+01,   0.26562E-05
   13.20,   0.17365E+01,   0.26774E-05
   13.40,   0.14345E+01,   0.26876E-05
   13.60,   0.11772E+01,   0.26861E-05
   13.80,   0.95993E+00,   0.26727E-05
   14.00,   0.77814E+00,   0.26474E-05
   14.20,   0.62756E+00,   0.26111E-05
   14.40,   0.50417E+00,   0.25661E-05
   14.60,   0.40417E+00,   0.25166E-05
   14.80,   0.32411E+00,   0.24696E-05
   15.00,   0.26080E+00,   0.24354E-05
 E=   850.00000000000000     
    2.00,   0.50428E+06,   0.77319E-07
    2.20,   0.33376E+06,   0.99726E-07
    2.40,   0.22696E+06,   0.12406E-06
    2.60,   0.15774E+06,   0.15012E-06
    2.80,   0.11159E+06,   0.17772E-06
    3.00,   0.80097E+05,   0.20667E-06
    3.20,   0.58186E+05,   0.23680E-06
    3.40,   0.42687E+05,   0.26795E-06
    3.60,   0.31572E+05,   0.29993E-06
    3.80,   0.23507E+05,   0.33256E-06
    4.00,   0.17597E+05,   0.36565E-06
    4.20,   0.13231E+05,   0.39901E-06
    4.40,   0.99826E+04,   0.43241E-06
    4.60,   0.75519E+04,   0.46562E-06
    4.80,   0.57247E+04,   0.49839E-06
    5.00,   0.43459E+04,   0.53045E-06
    5.20,   0.33025E+04,   0.56151E-06
    5.40,   0.25112E+04,   0.59127E-06
    5.60,   0.19101E+04,   0.61943E-06
    5.80,   0.14532E+04,   0.64569E-06
    6.00,   0.11057E+04,   0.66977E-06
    6.20,   0.84152E+03,   0.69146E-06
    6.40,   0.64075E+03,   0.71065E-06
    6.60,   0.48830E+03,   0.72737E-06
    6.80,   0.37269E+03,   0.74189E-06
    7.00,   0.28512E+03,   0.75482E-06
    7.20,   0.21887E+03,   0.76715E-06
    7.40,   0.16881E+03,   0.78037E-06
    7.60,   0.13100E+03,   0.79647E-06
    7.80,   0.10246E+03,   0.81789E-06
    8.00,   0.80892E+02,   0.84734E-06
    8.20,   0.64556E+02,   0.88747E-06
    8.40,   0.52134E+02,   0.94042E-06
    8.60,   0.42632E+02,   0.10075E-05
    8.80,   0.35300E+02,   0.10888E-05
    9.00,   0.29578E+02,   0.11831E-05
    9.20,   0.25049E+02,   0.12883E-05
    9.40,   0.21407E+02,   0.14016E-05
    9.60,   0.18427E+02,   0.15196E-05
    9.80,   0.15943E+02,   0.16395E-05
   10.00,   0.13839E+02,   0.17587E-05
   10.20,   0.12029E+02,   0.18750E-05
   10.40,   0.10453E+02,   0.19867E-05
   10.60,   0.90678E+01,   0.20927E-05
   10.80,   0.78433E+01,   0.21920E-05
   11.00,   0.67573E+01,   0.22839E-05
   11.20,   0.57936E+01,   0.23680E-05
   11.40,   0.49399E+01,   0.24437E-05
   11.60,   0.41863E+01,   0.25106E-05
   11.80,   0.35242E+01,   0.25680E-05
   12.00,   0.29461E+01,   0.26153E-05
   12.20,   0.24448E+01,   0.26519E-05
   12.40,   0.20137E+01,   0.26769E-05
   12.60,   0.16460E+01,   0.26896E-05
   12.80,   0.13354E+01,   0.26892E-05
   13.00,   0.10756E+01,   0.26753E-05
   13.20,   0.86056E+00,   0.26479E-05
   13.40,   0.68461E+00,   0.26083E-05
   13.60,   0.54236E+00,   0.25593E-05
   13.80,   0.42881E+00,   0.25063E-05
   14.00,   0.33939E+00,   0.24585E-05
   14.20,   0.26997E+00,   0.24295E-05
   14.40,   0.21690E+00,   0.24369E-05
   14.60,   0.17694E+00,   0.25001E-05
   14.80,   0.14732E+00,   0.26355E-05
   15.00,   0.12567E+00,   0.28499E-05
 E=   900.00000000000000     
    2.00,   0.44155E+06,   0.90056E-07
    2.20,   0.29054E+06,   0.11503E-06
    2.40,   0.19628E+06,   0.14201E-06
    2.60,   0.13544E+06,   0.17078E-06
    2.80,   0.95068E+05,   0.20111E-06
    3.00,   0.67666E+05,   0.23281E-06
    3.20,   0.48710E+05,   0.26566E-06
    3.40,   0.35390E+05,   0.29947E-06
    3.60,   0.25906E+05,   0.33401E-06
    3.80,   0.19077E+05,   0.36906E-06
    4.00,   0.14117E+05,   0.40438E-06
    4.20,   0.10485E+05,   0.43970E-06
    4.40,   0.78095E+04,   0.47476E-06
    4.60,   0.58290E+04,   0.50925E-06
    4.80,   0.43571E+04,   0.54284E-06
    5.00,   0.32600E+04,   0.57519E-06
    5.20,   0.24404E+04,   0.60593E-06
    5.40,   0.18274E+04,   0.63471E-06
    5.60,   0.13686E+04,   0.66119E-06
    5.80,   0.10252E+04,   0.68507E-06
    6.00,   0.76830E+03,   0.70618E-06
    6.20,   0.57624E+03,   0.72451E-06
    6.40,   0.43284E+03,   0.74029E-06
    6.60,   0.32592E+03,   0.75416E-06
    6.80,   0.24632E+03,   0.76723E-06
    7.00,   0.18713E+03,   0.78123E-06
    7.20,   0.14315E+03,   0.79851E-06
    7.40,   0.11048E+03,   0.82196E-06
    7.60,   0.86180E+02,   0.85480E-06
    7.80,   0.68057E+02,   0.90010E-06
    8.00,   0.54475E+02,   0.96022E-06
    8.20,   0.44218E+02,   0.10363E-05
    8.40,   0.36392E+02,   0.11280E-05
    8.60,   0.30335E+02,   0.12335E-05
    8.80,   0.25570E+02,   0.13496E-05
    9.00,   0.21750E+02,   0.14729E-05
    9.20,   0.18624E+02,   0.15995E-05
    9.40,   0.16018E+02,   0.17263E-05
    9.60,   0.13806E+02,   0.18505E-05
    9.80,   0.11900E+02,   0.19699E-05
   10.00,   0.10241E+02,   0.20831E-05
   10.20,   0.87862E+01,   0.21890E-05
   10.40,   0.75050E+01,   0.22866E-05
   10.60,   0.63762E+01,   0.23754E-05
   10.80,   0.53835E+01,   0.24548E-05
   11.00,   0.45139E+01,   0.25241E-05
   11.20,   0.37566E+01,   0.25827E-05
   11.40,   0.31016E+01,   0.26298E-05
   11.60,   0.25397E+01,   0.26646E-05
   11.80,   0.20621E+01,   0.26861E-05
   12.00,   0.16601E+01,   0.26934E-05
   12.20,   0.13255E+01,   0.26858E-05
   12.40,   0.10501E+01,   0.26629E-05
   12.60,   0.82614E+00,   0.26256E-05
   12.80,   0.64647E+00,   0.25763E-05
   13.00,   0.50432E+00,   0.25204E-05
   13.20,   0.39352E+00,   0.24674E-05
   13.40,   0.30852E+00,   0.24323E-05
   13.60,   0.24438E+00,   0.24354E-05
   13.80,   0.19683E+00,   0.24997E-05
   14.00,   0.16218E+00,   0.26447E-05
   14.20,   0.13733E+00,   0.28783E-05
   14.40,   0.11970E+00,   0.31910E-05
   14.60,   0.10724E+00,   0.35570E-05
   14.80,   0.98304E-01,   0.39436E-05
   15.00,   0.91626E-01,   0.43207E-05
 E=   950.00000000000000     
    2.00,   0.38822E+06,   0.10347E-06
    2.20,   0.25386E+06,   0.13106E-06
    2.40,   0.17032E+06,   0.16073E-06
    2.60,   0.11663E+06,   0.19223E-06
    2.80,   0.81191E+05,   0.22531E-06
    3.00,   0.57273E+05,   0.25974E-06
    3.20,   0.40834E+05,   0.29526E-06
    3.40,   0.29364E+05,   0.33163E-06
    3.60,   0.21260E+05,   0.36860E-06
    3.80,   0.15475E+05,   0.40586E-06
    4.00,   0.11311E+05,   0.44313E-06
    4.20,   0.82930E+04,   0.48007E-06
    4.40,   0.60937E+04,   0.51631E-06
    4.60,   0.44844E+04,   0.55149E-06
    4.80,   0.33032E+04,   0.58518E-06
    5.00,   0.24343E+04,   0.61697E-06
    5.20,   0.17945E+04,   0.64643E-06
    5.40,   0.13230E+04,   0.67319E-06
    5.60,   0.97572E+03,   0.69695E-06
    5.80,   0.72007E+03,   0.71760E-06
    6.00,   0.53211E+03,   0.73526E-06
    6.20,   0.39412E+03,   0.75050E-06
    6.40,   0.29297E+03,   0.76440E-06
    6.60,   0.21894E+03,   0.77878E-06
    6.80,   0.16481E+03,   0.79623E-06
    7.00,   0.12524E+03,   0.82005E-06
    7.20,   0.96293E+02,   0.85398E-06
    7.40,   0.75047E+02,   0.90165E-06
    7.60,   0.59371E+02,   0.96583E-06
    7.80,   0.47708E+02,   0.10478E-05
    8.00,   0.38923E+02,   0.11470E-05
    8.20,   0.32202E+02,   0.12610E-05
    8.40,   0.26959E+02,   0.13859E-05
    8.60,   0.22782E+02,   0.15176E-05
    8.80,   0.19379E+02,   0.16518E-05
    9.00,   0.16548E+02,   0.17848E-05
    9.20,   0.14150E+02,   0.19138E-05
    9.40,   0.12088E+02,   0.20366E-05
    9.60,   0.10299E+02,   0.21517E-05
    9.80,   0.87363E+01,   0.22580E-05
   10.00,   0.73692E+01,   0.23546E-05
   10.20,   0.61746E+01,   0.24408E-05
   10.40,   0.51347E+01,   0.25160E-05
   10.60,   0.42349E+01,   0.25794E-05
   10.80,   0.34623E+01,   0.26301E-05
   11.00,   0.28047E+01,   0.26670E-05
   11.20,   0.22508E+01,   0.26892E-05
   11.40,   0.17893E+01,   0.26954E-05
   11.60,   0.14094E+01,   0.26849E-05
   11.80,   0.11007E+01,   0.26576E-05
   12.00,   0.85325E+00,   0.26145E-05
   12.20,   0.65790E+00,   0.25594E-05
   12.40,   0.50608E+00,   0.24999E-05
   12.60,   0.39007E+00,   0.24494E-05
   12.80,   0.30303E+00,   0.24283E-05
   13.00,   0.23894E+00,   0.24624E-05
   13.20,   0.19266E+00,   0.25778E-05
   13.40,   0.15985E+00,   0.27906E-05
   13.60,   0.13695E+00,   0.30973E-05
   13.80,   0.12106E+00,   0.34731E-05
   14.00,   0.10993E+00,   0.38804E-05
   14.20,   0.10183E+00,   0.42824E-05
   14.40,   0.95476E-01,   0.46529E-05
   14.60,   0.89984E-01,   0.49784E-05
   14.80,   0.84761E-01,   0.52551E-05
   15.00,   0.79457E-01,   0.54853E-05
 E=   1000.0000000000000     
    2.00,   0.34255E+06,   0.11752E-06
    2.20,   0.22251E+06,   0.14777E-06
    2.40,   0.14819E+06,   0.18016E-06
    2.60,   0.10067E+06,   0.21441E-06
    2.80,   0.69465E+05,   0.25023E-06
    3.00,   0.48540E+05,   0.28734E-06
    3.20,   0.34257E+05,   0.32546E-06
    3.40,   0.24368E+05,   0.36427E-06
    3.60,   0.17440E+05,   0.40347E-06
    3.80,   0.12540E+05,   0.44268E-06
    4.00,   0.90474E+04,   0.48155E-06
    4.20,   0.65436E+04,   0.51963E-06
    4.40,   0.47403E+04,   0.55649E-06
    4.60,   0.34372E+04,   0.59165E-06
    4.80,   0.24936E+04,   0.62461E-06
    5.00,   0.18095E+04,   0.65489E-06
    5.20,   0.13133E+04,   0.68208E-06
    5.40,   0.95363E+03,   0.70588E-06
    5.60,   0.69313E+03,   0.72626E-06
    5.80,   0.50474E+03,   0.74355E-06
    6.00,   0.36874E+03,   0.75868E-06
    6.20,   0.27073E+03,   0.77335E-06
    6.40,   0.20019E+03,   0.79017E-06
    6.60,   0.14945E+03,   0.81270E-06
    6.80,   0.11294E+03,   0.84519E-06
    7.00,   0.86602E+02,   0.89194E-06
    7.20,   0.67495E+02,   0.95648E-06
    7.40,   0.53515E+02,   0.10406E-05
    7.60,   0.43153E+02,   0.11440E-05
    7.80,   0.35341E+02,   0.12638E-05
    8.00,   0.29324E+02,   0.13958E-05
    8.20,   0.24580E+02,   0.15348E-05
    8.40,   0.20746E+02,   0.16762E-05
    8.60,   0.17577E+02,   0.18157E-05
    8.80,   0.14906E+02,   0.19501E-05
    9.00,   0.12621E+02,   0.20771E-05
    9.20,   0.10647E+02,   0.21951E-05
    9.40,   0.89345E+01,   0.23030E-05
    9.60,   0.74466E+01,   0.23998E-05
    9.80,   0.61579E+01,   0.24847E-05
   10.00,   0.50476E+01,   0.25570E-05
   10.20,   0.40985E+01,   0.26155E-05
   10.40,   0.32947E+01,   0.26593E-05
   10.60,   0.26213E+01,   0.26870E-05
   10.80,   0.20638E+01,   0.26974E-05
   11.00,   0.16083E+01,   0.26894E-05
   11.20,   0.12413E+01,   0.26627E-05
   11.40,   0.95010E+00,   0.26183E-05
   11.60,   0.72279E+00,   0.25604E-05
   11.80,   0.54843E+00,   0.24977E-05
   12.00,   0.41718E+00,   0.24461E-05
   12.20,   0.32035E+00,   0.24299E-05
   12.40,   0.25040E+00,   0.24798E-05
   12.60,   0.20094E+00,   0.26249E-05
   12.80,   0.16666E+00,   0.28792E-05
   13.00,   0.14324E+00,   0.32312E-05
   13.20,   0.12728E+00,   0.36454E-05
   13.40,   0.11617E+00,   0.40767E-05
   13.60,   0.10795E+00,   0.44868E-05
   13.80,   0.10124E+00,   0.48525E-05
   14.00,   0.95140E-01,   0.51647E-05
   14.20,   0.89072E-01,   0.54239E-05
   14.40,   0.82748E-01,   0.56348E-05
   14.60,   0.76073E-01,   0.58032E-05
   14.80,   0.69084E-01,   0.59347E-05
   15.00,   0.61900E-01,   0.60338E-05
 E=   1050.0000000000000     
    2.00,   0.30316E+06,   0.13217E-06
    2.20,   0.19555E+06,   0.16511E-06
    2.40,   0.12923E+06,   0.20025E-06
    2.60,   0.87040E+05,   0.23724E-06
    2.80,   0.59510E+05,   0.27577E-06
    3.00,   0.41171E+05,   0.31550E-06
    3.20,   0.28747E+05,   0.35610E-06
    3.40,   0.20216E+05,   0.39719E-06
    3.60,   0.14293E+05,   0.43837E-06
    3.80,   0.10145E+05,   0.47921E-06
    4.00,   0.72207E+04,   0.51923E-06
    4.20,   0.51485E+04,   0.55791E-06
    4.40,   0.36748E+04,   0.59469E-06
    4.60,   0.26243E+04,   0.62901E-06
    4.80,   0.18746E+04,   0.66033E-06
    5.00,   0.13394E+04,   0.68816E-06
    5.20,   0.95755E+03,   0.71224E-06
    5.40,   0.68547E+03,   0.73260E-06
    5.60,   0.49192E+03,   0.74983E-06
    5.80,   0.35451E+03,   0.76527E-06
    6.00,   0.25713E+03,   0.78132E-06
    6.20,   0.18820E+03,   0.80148E-06
    6.40,   0.13941E+03,   0.83031E-06
    6.60,   0.10482E+03,   0.87286E-06
    6.80,   0.80187E+02,   0.93369E-06
    7.00,   0.62499E+02,   0.10157E-05
    7.20,   0.49637E+02,   0.11192E-05
    7.40,   0.40118E+02,   0.12418E-05
    7.60,   0.32912E+02,   0.13787E-05
    7.80,   0.27317E+02,   0.15242E-05
    8.00,   0.22853E+02,   0.16727E-05
    8.20,   0.19202E+02,   0.18193E-05
    8.40,   0.16150E+02,   0.19602E-05
    8.60,   0.13558E+02,   0.20928E-05
    8.80,   0.11334E+02,   0.22154E-05
    9.00,   0.94162E+01,   0.23265E-05
    9.20,   0.77630E+01,   0.24253E-05
    9.40,   0.63431E+01,   0.25107E-05
    9.60,   0.51318E+01,   0.25818E-05
    9.80,   0.41077E+01,   0.26374E-05
   10.00,   0.32513E+01,   0.26761E-05
   10.20,   0.25441E+01,   0.26964E-05
   10.40,   0.19680E+01,   0.26970E-05
   10.60,   0.15058E+01,   0.26769E-05
   10.80,   0.11408E+01,   0.26367E-05
   11.00,   0.85767E+00,   0.25795E-05
   11.20,   0.64211E+00,   0.25136E-05
   11.40,   0.48132E+00,   0.24549E-05
   11.60,   0.36395E+00,   0.24295E-05
   11.80,   0.28024E+00,   0.24719E-05
   12.00,   0.22192E+00,   0.26166E-05
   12.20,   0.18218E+00,   0.28815E-05
   12.40,   0.15554E+00,   0.32540E-05
   12.60,   0.13771E+00,   0.36926E-05
   12.80,   0.12546E+00,   0.41453E-05
   13.00,   0.11641E+00,   0.45696E-05
   13.20,   0.10894E+00,   0.49419E-05
   13.40,   0.10199E+00,   0.52546E-05
   13.60,   0.94947E-01,   0.55099E-05
   13.80,   0.87540E-01,   0.57140E-05
   14.00,   0.79717E-01,   0.58738E-05
   14.20,   0.71572E-01,   0.59951E-05
   14.40,   0.63286E-01,   0.60824E-05
   14.60,   0.55072E-01,   0.61384E-05
   14.80,   0.47141E-01,   0.61644E-05
   15.00,   0.39679E-01,   0.61606E-05
 E=   1100.0000000000000     
    2.00,   0.26898E+06,   0.14737E-06
    2.20,   0.17223E+06,   0.18304E-06
    2.40,   0.11289E+06,   0.22093E-06
    2.60,   0.75360E+05,   0.26065E-06
    2.80,   0.51026E+05,   0.30183E-06
    3.00,   0.34933E+05,   0.34410E-06
    3.20,   0.24119E+05,   0.38703E-06
    3.40,   0.16758E+05,   0.43018E-06
    3.60,   0.11697E+05,   0.47305E-06
    3.80,   0.81913E+04,   0.51510E-06
    4.00,   0.57479E+04,   0.55575E-06
    4.20,   0.40382E+04,   0.59436E-06
    4.40,   0.28387E+04,   0.63029E-06
    4.60,   0.19960E+04,   0.66290E-06
    4.80,   0.14039E+04,   0.69167E-06
    5.00,   0.98813E+03,   0.71631E-06
    5.20,   0.69663E+03,   0.73694E-06
    5.40,   0.49265E+03,   0.75439E-06
    5.60,   0.35020E+03,   0.77047E-06
    5.80,   0.25091E+03,   0.78828E-06
    6.00,   0.18177E+03,   0.81228E-06
    6.20,   0.13360E+03,   0.84802E-06
    6.40,   0.99933E+02,   0.90119E-06
    6.60,   0.76249E+02,   0.97628E-06
    6.80,   0.59395E+02,   0.10752E-05
    7.00,   0.47197E+02,   0.11964E-05
    7.20,   0.38166E+02,   0.13354E-05
    7.40,   0.31298E+02,   0.14859E-05
    7.60,   0.25918E+02,   0.16412E-05
    7.80,   0.21584E+02,   0.17956E-05
    8.00,   0.18005E+02,   0.19443E-05
    8.20,   0.14995E+02,   0.20843E-05
    8.40,   0.12433E+02,   0.22134E-05
    8.60,   0.10240E+02,   0.23299E-05
    8.80,   0.83625E+01,   0.24329E-05
    9.00,   0.67624E+01,   0.25211E-05
    9.20,   0.54087E+01,   0.25934E-05
    9.40,   0.42753E+01,   0.26485E-05
    9.60,   0.33379E+01,   0.26847E-05
    9.80,   0.25733E+01,   0.27004E-05
   10.00,   0.19593E+01,   0.26939E-05
   10.20,   0.14744E+01,   0.26648E-05
   10.40,   0.10985E+01,   0.26145E-05
   10.60,   0.81270E+00,   0.25487E-05
   10.80,   0.60007E+00,   0.24808E-05
   11.00,   0.44548E+00,   0.24346E-05
   11.20,   0.33582E+00,   0.24463E-05
   11.40,   0.26002E+00,   0.25572E-05
   11.60,   0.20891E+00,   0.27966E-05
   11.80,   0.17516E+00,   0.31616E-05
   12.00,   0.15303E+00,   0.36117E-05
   12.20,   0.13819E+00,   0.40876E-05
   12.40,   0.12754E+00,   0.45379E-05
   12.60,   0.11893E+00,   0.49325E-05
   12.80,   0.11099E+00,   0.52618E-05
   13.00,   0.10295E+00,   0.55280E-05
   13.20,   0.94461E-01,   0.57383E-05
   13.40,   0.85486E-01,   0.59005E-05
   13.60,   0.76157E-01,   0.60211E-05
   13.80,   0.66707E-01,   0.61050E-05
   14.00,   0.57405E-01,   0.61550E-05
   14.20,   0.48510E-01,   0.61721E-05
   14.40,   0.40239E-01,   0.61563E-05
   14.60,   0.32758E-01,   0.61063E-05
   14.80,   0.26170E-01,   0.60204E-05
   15.00,   0.20524E-01,   0.58975E-05
 E=   1150.0000000000000     
    2.00,   0.23918E+06,   0.16310E-06
    2.20,   0.15196E+06,   0.20151E-06
    2.40,   0.98757E+05,   0.24214E-06
    2.60,   0.65309E+05,   0.28456E-06
    2.80,   0.43773E+05,   0.32833E-06
    3.00,   0.29640E+05,   0.37301E-06
    3.20,   0.20224E+05,   0.41808E-06
    3.40,   0.13876E+05,   0.46302E-06
    3.60,   0.95568E+04,   0.50720E-06
    3.80,   0.65985E+04,   0.54999E-06
    4.00,   0.45625E+04,   0.59065E-06
    4.20,   0.31569E+04,   0.62846E-06
    4.40,   0.21850E+04,   0.66269E-06
    4.60,   0.15128E+04,   0.69273E-06
    4.80,   0.10483E+04,   0.71827E-06
    5.00,   0.72771E+03,   0.73948E-06
    5.20,   0.50701E+03,   0.75740E-06
    5.40,   0.35539E+03,   0.77428E-06
    5.60,   0.25144E+03,   0.79395E-06
    5.80,   0.18021E+03,   0.82185E-06
    6.00,   0.13135E+03,   0.86444E-06
    6.20,   0.97686E+02,   0.92796E-06
    6.40,   0.74279E+02,   0.10166E-05
    6.60,   0.57761E+02,   0.11310E-05
    6.80,   0.45855E+02,   0.12677E-05
    7.00,   0.37035E+02,   0.14204E-05
    7.20,   0.30294E+02,   0.15816E-05
    7.40,   0.24977E+02,   0.17440E-05
    7.60,   0.20661E+02,   0.19019E-05
    7.80,   0.17078E+02,   0.20511E-05
    8.00,   0.14059E+02,   0.21889E-05
    8.20,   0.11495E+02,   0.23133E-05
    8.40,   0.93147E+01,   0.24230E-05
    8.60,   0.74685E+01,   0.25168E-05
    8.80,   0.59174E+01,   0.25932E-05
    9.00,   0.46286E+01,   0.26509E-05
    9.20,   0.35719E+01,   0.26879E-05
    9.40,   0.27188E+01,   0.27023E-05
    9.60,   0.20415E+01,   0.26924E-05
    9.80,   0.15138E+01,   0.26578E-05
   10.00,   0.11109E+01,   0.26008E-05
   10.20,   0.80986E+00,   0.25296E-05
   10.40,   0.59032E+00,   0.24622E-05
   10.60,   0.43426E+00,   0.24305E-05
   10.80,   0.32634E+00,   0.24790E-05
   11.00,   0.25376E+00,   0.26523E-05
   11.20,   0.20621E+00,   0.29698E-05
   11.40,   0.17557E+00,   0.34063E-05
   11.60,   0.15571E+00,   0.39005E-05
   11.80,   0.14214E+00,   0.43870E-05
   12.00,   0.13179E+00,   0.48216E-05
   12.20,   0.12267E+00,   0.51862E-05
   12.40,   0.11363E+00,   0.54802E-05
   12.60,   0.10411E+00,   0.57111E-05
   12.80,   0.94014E-01,   0.58879E-05
   13.00,   0.83467E-01,   0.60184E-05
   13.20,   0.72753E-01,   0.61082E-05
   13.40,   0.62203E-01,   0.61607E-05
   13.60,   0.52136E-01,   0.61773E-05
   13.80,   0.42820E-01,   0.61577E-05
   14.00,   0.34454E-01,   0.61006E-05
   14.20,   0.27160E-01,   0.60039E-05
   14.40,   0.20983E-01,   0.58666E-05
   14.60,   0.15907E-01,   0.56908E-05
   14.80,   0.11865E-01,   0.54864E-05
   15.00,   0.87513E-02,   0.52796E-05
 E=   1200.0000000000000     
    2.00,   0.21307E+06,   0.17932E-06
    2.20,   0.13428E+06,   0.22048E-06
    2.40,   0.86484E+05,   0.26384E-06
    2.60,   0.56634E+05,   0.30890E-06
    2.80,   0.37556E+05,   0.35517E-06
    3.00,   0.25139E+05,   0.40209E-06
    3.20,   0.16942E+05,   0.44908E-06
    3.40,   0.11472E+05,   0.49547E-06
    3.60,   0.77921E+04,   0.54054E-06
    3.80,   0.53020E+04,   0.58348E-06
    4.00,   0.36109E+04,   0.62347E-06
    4.20,   0.24600E+04,   0.65967E-06
    4.40,   0.16765E+04,   0.69138E-06
    4.60,   0.11435E+04,   0.71820E-06
    4.80,   0.78154E+03,   0.74032E-06
    5.00,   0.53627E+03,   0.75891E-06
    5.20,   0.37049E+03,   0.77663E-06
    5.40,   0.25865E+03,   0.79799E-06
    5.60,   0.18326E+03,   0.82934E-06
    5.80,   0.13234E+03,   0.87810E-06
    6.00,   0.97746E+02,   0.95098E-06
    6.20,   0.73978E+02,   0.10518E-05
    6.40,   0.57347E+02,   0.11799E-05
    6.60,   0.45411E+02,   0.13300E-05
    6.80,   0.36568E+02,   0.14942E-05
    7.00,   0.29787E+02,   0.16639E-05
    7.20,   0.24411E+02,   0.18316E-05
    7.40,   0.20027E+02,   0.19917E-05
    7.60,   0.16382E+02,   0.21405E-05
    7.80,   0.13315E+02,   0.22754E-05
    8.00,   0.10725E+02,   0.23947E-05
    8.20,   0.85438E+01,   0.24971E-05
    8.40,   0.67210E+01,   0.25810E-05
    8.60,   0.52146E+01,   0.26447E-05
    8.80,   0.39873E+01,   0.26863E-05
    9.00,   0.30035E+01,   0.27034E-05
    9.20,   0.22292E+01,   0.26943E-05
    9.40,   0.16320E+01,   0.26583E-05
    9.60,   0.11813E+01,   0.25979E-05
    9.80,   0.84935E+00,   0.25230E-05
   10.00,   0.61107E+00,   0.24552E-05
   10.20,   0.44482E+00,   0.24325E-05
   10.40,   0.33226E+00,   0.25070E-05
   10.60,   0.25832E+00,   0.27256E-05
   10.80,   0.21103E+00,   0.30986E-05
   11.00,   0.18117E+00,   0.35828E-05
   11.20,   0.16192E+00,   0.41032E-05
   11.40,   0.14846E+00,   0.45925E-05
   11.60,   0.13763E+00,   0.50134E-05
   11.80,   0.12749E+00,   0.53560E-05
   12.00,   0.11703E+00,   0.56255E-05
   12.20,   0.10589E+00,   0.58317E-05
   12.40,   0.94146E-01,   0.59844E-05
   12.60,   0.82081E-01,   0.60909E-05
   12.80,   0.70093E-01,   0.61559E-05
   13.00,   0.58583E-01,   0.61815E-05
   13.20,   0.47898E-01,   0.61679E-05
   13.40,   0.38297E-01,   0.61136E-05
   13.60,   0.29944E-01,   0.60165E-05
   13.80,   0.22904E-01,   0.58751E-05
   14.00,   0.17161E-01,   0.56916E-05
   14.20,   0.12633E-01,   0.54773E-05
   14.40,   0.91913E-02,   0.52628E-05
   14.60,   0.66789E-02,   0.51124E-05
   14.80,   0.49285E-02,   0.51330E-05
   15.00,   0.37745E-02,   0.54511E-05
 E=   1250.0000000000000     
    2.00,   0.19010E+06,   0.19599E-06
    2.20,   0.11879E+06,   0.23990E-06
    2.40,   0.75794E+05,   0.28596E-06
    2.60,   0.49128E+05,   0.33359E-06
    2.80,   0.32217E+05,   0.38223E-06
    3.00,   0.21308E+05,   0.43121E-06
    3.20,   0.14177E+05,   0.47983E-06
    3.40,   0.94688E+04,   0.52729E-06
    3.60,   0.63391E+04,   0.57272E-06
    3.80,   0.42489E+04,   0.61518E-06
    4.00,   0.28492E+04,   0.65373E-06
    4.20,   0.19113E+04,   0.68754E-06
    4.40,   0.12831E+04,   0.71609E-06
    4.60,   0.86314E+03,   0.73948E-06
    4.80,   0.58305E+03,   0.75896E-06
    5.00,   0.39674E+03,   0.77745E-06
    5.20,   0.27308E+03,   0.80006E-06
    5.40,   0.19105E+03,   0.83403E-06
    5.60,   0.13651E+03,   0.88773E-06
    5.80,   0.99986E+02,   0.96844E-06
    6.00,   0.75204E+02,   0.10797E-05
    6.20,   0.58024E+02,   0.12195E-05
    6.40,   0.45759E+02,   0.13811E-05
    6.60,   0.36686E+02,   0.15551E-05
    6.80,   0.29717E+02,   0.17319E-05
    7.00,   0.24178E+02,   0.19039E-05
    7.20,   0.19655E+02,   0.20657E-05
    7.40,   0.15897E+02,   0.22138E-05
    7.60,   0.12749E+02,   0.23458E-05
    7.80,   0.10112E+02,   0.24600E-05
    8.00,   0.79167E+01,   0.25548E-05
    8.20,   0.61084E+01,   0.26284E-05
    8.40,   0.46403E+01,   0.26786E-05
    8.60,   0.34685E+01,   0.27031E-05
    8.80,   0.25510E+01,   0.26994E-05
    9.00,   0.18480E+01,   0.26664E-05
    9.20,   0.13217E+01,   0.26064E-05
    9.40,   0.93779E+00,   0.25290E-05
    9.60,   0.66541E+00,   0.24572E-05
    9.80,   0.47800E+00,   0.24332E-05
   10.00,   0.35316E+00,   0.25155E-05
   10.20,   0.27270E+00,   0.27559E-05
   10.40,   0.22227E+00,   0.31616E-05
   10.60,   0.19100E+00,   0.36778E-05
   10.80,   0.17101E+00,   0.42186E-05
   11.00,   0.15685E+00,   0.47139E-05
   11.20,   0.14505E+00,   0.51300E-05
   11.40,   0.13362E+00,   0.54616E-05
   11.60,   0.12161E+00,   0.57172E-05
   11.80,   0.10880E+00,   0.59083E-05
   12.00,   0.95400E-01,   0.60450E-05
   12.20,   0.81840E-01,   0.61342E-05
   12.40,   0.68614E-01,   0.61798E-05
   12.60,   0.56181E-01,   0.61829E-05
   12.80,   0.44906E-01,   0.61426E-05
   13.00,   0.35033E-01,   0.60566E-05
   13.20,   0.26681E-01,   0.59229E-05
   13.40,   0.19860E-01,   0.57421E-05
   13.60,   0.14488E-01,   0.55237E-05
   13.80,   0.10418E-01,   0.52965E-05
   14.00,   0.74657E-02,   0.51254E-05
   14.20,   0.54268E-02,   0.51250E-05
   14.40,   0.40995E-02,   0.54383E-05
   14.60,   0.32965E-02,   0.61438E-05
   14.80,   0.28547E-02,   0.71448E-05
   15.00,   0.26396E-02,   0.82039E-05
 E=   1300.0000000000000     
    2.00,   0.16982E+06,   0.21309E-06
    2.20,   0.10518E+06,   0.25973E-06
    2.40,   0.66460E+05,   0.30844E-06
    2.60,   0.42619E+05,   0.35856E-06
    2.80,   0.27626E+05,   0.40940E-06
    3.00,   0.18044E+05,   0.46021E-06
    3.20,   0.11845E+05,   0.51013E-06
    3.40,   0.78001E+04,   0.55821E-06
    3.60,   0.51447E+04,   0.60342E-06
    3.80,   0.33957E+04,   0.64469E-06
    4.00,   0.22420E+04,   0.68106E-06
    4.20,   0.14813E+04,   0.71181E-06
    4.40,   0.98058E+03,   0.73691E-06
    4.60,   0.65178E+03,   0.75753E-06
    4.80,   0.43651E+03,   0.77672E-06
    5.00,   0.29591E+03,   0.80001E-06
    5.20,   0.20413E+03,   0.83546E-06
    5.40,   0.14407E+03,   0.89246E-06
    5.60,   0.10447E+03,   0.97901E-06
    5.80,   0.77947E+02,   0.10986E-05
    6.00,   0.59759E+02,   0.12483E-05
    6.20,   0.46865E+02,   0.14198E-05
    6.40,   0.37359E+02,   0.16023E-05
    6.60,   0.30064E+02,   0.17855E-05
    6.80,   0.24266E+02,   0.19616E-05
    7.00,   0.19536E+02,   0.21251E-05
    7.20,   0.15618E+02,   0.22726E-05
    7.40,   0.12357E+02,   0.24019E-05
    7.60,   0.96507E+01,   0.25112E-05
    7.80,   0.74251E+01,   0.25986E-05
    8.00,   0.56200E+01,   0.26618E-05
    8.20,   0.41809E+01,   0.26982E-05
    8.40,   0.30562E+01,   0.27051E-05
    8.60,   0.21966E+01,   0.26805E-05
    8.80,   0.15556E+01,   0.26254E-05
    9.00,   0.10903E+01,   0.25476E-05
    9.20,   0.76252E+00,   0.24689E-05
    9.40,   0.53890E+00,   0.24320E-05
    9.60,   0.39158E+00,   0.25006E-05
    9.80,   0.29792E+00,   0.27357E-05
   10.00,   0.24019E+00,   0.31507E-05
   10.20,   0.20506E+00,   0.36875E-05
   10.40,   0.18296E+00,   0.42497E-05
   10.60,   0.16741E+00,   0.47600E-05
   10.80,   0.15433E+00,   0.51831E-05
   11.00,   0.14149E+00,   0.55154E-05
   11.20,   0.12789E+00,   0.57674E-05
   11.40,   0.11338E+00,   0.59522E-05
   11.60,   0.98300E-01,   0.60802E-05
   11.80,   0.83201E-01,   0.61583E-05
   12.00,   0.68675E-01,   0.61898E-05
   12.20,   0.55243E-01,   0.61752E-05
   12.40,   0.43291E-01,   0.61126E-05
   12.60,   0.33047E-01,   0.59994E-05
   12.80,   0.24591E-01,   0.58343E-05
   13.00,   0.17874E-01,   0.56221E-05
   13.20,   0.12751E-01,   0.53835E-05
   13.40,   0.90140E-02,   0.51729E-05
   13.60,   0.64222E-02,   0.50982E-05
   13.80,   0.47292E-02,   0.53163E-05
   14.00,   0.37022E-02,   0.59499E-05
   14.20,   0.31360E-02,   0.69450E-05
   14.40,   0.28605E-02,   0.80555E-05
   14.60,   0.27436E-02,   0.90299E-05
   14.80,   0.26895E-02,   0.97566E-05
   15.00,   0.26352E-02,   0.10244E-04
 E=   1350.0000000000000     
    2.00,   0.15187E+06,   0.23057E-06
    2.20,   0.93198E+05,   0.27993E-06
    2.40,   0.58291E+05,   0.33122E-06
    2.60,   0.36967E+05,   0.38370E-06
    2.80,   0.23674E+05,   0.43658E-06
    3.00,   0.15263E+05,   0.48893E-06
    3.20,   0.98814E+04,   0.53976E-06
    3.40,   0.64122E+04,   0.58794E-06
    3.60,   0.41653E+04,   0.63229E-06
    3.80,   0.27069E+04,   0.67165E-06
    4.00,   0.17601E+04,   0.70514E-06
    4.20,   0.11463E+04,   0.73247E-06
    4.40,   0.74944E+03,   0.75459E-06
    4.60,   0.49363E+03,   0.77447E-06
    4.80,   0.32917E+03,   0.79787E-06
    5.00,   0.22356E+03,   0.83352E-06
    5.20,   0.15556E+03,   0.89185E-06
    5.40,   0.11143E+03,   0.98192E-06
    5.60,   0.82320E+02,   0.11076E-05
    5.80,   0.62600E+02,   0.12652E-05
    6.00,   0.48751E+02,   0.14453E-05
    6.20,   0.38601E+02,   0.16356E-05
    6.40,   0.30839E+02,   0.18250E-05
    6.60,   0.24683E+02,   0.20052E-05
    6.80,   0.19676E+02,   0.21708E-05
    7.00,   0.15549E+02,   0.23184E-05
    7.20,   0.12139E+02,   0.24457E-05
    7.40,   0.93374E+01,   0.25506E-05
    7.60,   0.70626E+01,   0.26310E-05
    7.80,   0.52461E+01,   0.26840E-05
    8.00,   0.38240E+01,   0.27068E-05
    8.20,   0.27357E+01,   0.26963E-05
    8.40,   0.19238E+01,   0.26520E-05
    8.60,   0.13348E+01,   0.25785E-05
    8.80,   0.92046E+00,   0.24933E-05
    9.00,   0.63869E+00,   0.24354E-05
    9.20,   0.45399E+00,   0.24699E-05
    9.40,   0.33749E+00,   0.26699E-05
    9.60,   0.26655E+00,   0.30670E-05
    9.80,   0.22418E+00,   0.36111E-05
   10.00,   0.19822E+00,   0.41973E-05
   10.20,   0.18047E+00,   0.47340E-05
   10.40,   0.16584E+00,   0.51779E-05
   10.60,   0.15153E+00,   0.55238E-05
   10.80,   0.13634E+00,   0.57832E-05
   11.00,   0.12013E+00,   0.59705E-05
   11.20,   0.10331E+00,   0.60974E-05
   11.40,   0.86553E-01,   0.61710E-05
   11.60,   0.70569E-01,   0.61945E-05
   11.80,   0.55955E-01,   0.61679E-05
   12.00,   0.43131E-01,   0.60890E-05
   12.20,   0.32324E-01,   0.59547E-05
   12.40,   0.23578E-01,   0.57650E-05
   12.60,   0.16793E-01,   0.55299E-05
   12.80,   0.11762E-01,   0.52845E-05
   13.00,   0.82135E-02,   0.51124E-05
   13.20,   0.58535E-02,   0.51638E-05
   13.40,   0.43917E-02,   0.56130E-05
   13.60,   0.35649E-02,   0.65078E-05
   13.80,   0.31501E-02,   0.76506E-05
   14.00,   0.29708E-02,   0.87353E-05
   14.20,   0.28970E-02,   0.95756E-05
   14.40,   0.28413E-02,   0.10147E-04
   14.60,   0.27524E-02,   0.10499E-04
   14.80,   0.26072E-02,   0.10694E-04
   15.00,   0.24031E-02,   0.10776E-04
 E=   1400.0000000000000     
    2.00,   0.13593E+06,   0.24841E-06
    2.20,   0.82619E+05,   0.30044E-06
    2.40,   0.51130E+05,   0.35423E-06
    2.60,   0.32052E+05,   0.40894E-06
    2.80,   0.20271E+05,   0.46362E-06
    3.00,   0.12894E+05,   0.51720E-06
    3.20,   0.82285E+04,   0.56849E-06
    3.40,   0.52598E+04,   0.61619E-06
    3.60,   0.33643E+04,   0.65900E-06
    3.80,   0.21528E+04,   0.69577E-06
    4.00,   0.13793E+04,   0.72592E-06
    4.20,   0.88675E+03,   0.75004E-06
    4.40,   0.57404E+03,   0.77078E-06
    4.60,   0.37614E+03,   0.79386E-06
    4.80,   0.25108E+03,   0.82843E-06
    5.00,   0.17190E+03,   0.88600E-06
    5.20,   0.12137E+03,   0.97697E-06
    5.40,   0.88570E+02,   0.11061E-05
    5.60,   0.66680E+02,   0.12697E-05
    5.80,   0.51492E+02,   0.14572E-05
    6.00,   0.40460E+02,   0.16548E-05
    6.20,   0.32074E+02,   0.18505E-05
    6.40,   0.25453E+02,   0.20355E-05
    6.60,   0.20094E+02,   0.22040E-05
    6.80,   0.15702E+02,   0.23525E-05
    7.00,   0.12101E+02,   0.24786E-05
    7.20,   0.91727E+01,   0.25800E-05
    7.40,   0.68251E+01,   0.26541E-05
    7.60,   0.49785E+01,   0.26978E-05
    7.80,   0.35585E+01,   0.27075E-05
    8.00,   0.24941E+01,   0.26808E-05
    8.20,   0.17187E+01,   0.26190E-05
    8.40,   0.11713E+01,   0.25330E-05
    8.60,   0.79802E+00,   0.24536E-05
    8.80,   0.55307E+00,   0.24409E-05
    9.00,   0.39874E+00,   0.25772E-05
    9.20,   0.30533E+00,   0.29220E-05
    9.40,   0.25039E+00,   0.34511E-05
    9.60,   0.21779E+00,   0.40586E-05
    9.80,   0.19661E+00,   0.46329E-05
   10.00,   0.18001E+00,   0.51132E-05
   10.20,   0.16418E+00,   0.54870E-05
   10.40,   0.14747E+00,   0.57657E-05
   10.60,   0.12957E+00,   0.59653E-05
   10.80,   0.11092E+00,   0.60992E-05
   11.00,   0.92338E-01,   0.61755E-05
   11.20,   0.74652E-01,   0.61980E-05
   11.40,   0.58569E-01,   0.61664E-05
   11.60,   0.44576E-01,   0.60781E-05
   11.80,   0.32917E-01,   0.59301E-05
   12.00,   0.23620E-01,   0.57232E-05
   12.20,   0.16538E-01,   0.54724E-05
   12.40,   0.11404E-01,   0.52263E-05
   12.60,   0.78847E-02,   0.50967E-05
   12.80,   0.56266E-02,   0.52685E-05
   13.00,   0.42925E-02,   0.59106E-05
   13.20,   0.35846E-02,   0.69792E-05
   13.40,   0.32592E-02,   0.81741E-05
   13.60,   0.31301E-02,   0.91918E-05
   13.80,   0.30674E-02,   0.99170E-05
   14.00,   0.29899E-02,   0.10377E-04
   14.20,   0.28560E-02,   0.10641E-04
   14.40,   0.26535E-02,   0.10765E-04
   14.60,   0.23896E-02,   0.10790E-04
   14.80,   0.20829E-02,   0.10735E-04
   15.00,   0.17563E-02,   0.10612E-04
 E=   1450.0000000000000     
    2.00,   0.12175E+06,   0.26658E-06
    2.20,   0.73262E+05,   0.32122E-06
    2.40,   0.44844E+05,   0.37742E-06
    2.60,   0.27776E+05,   0.43419E-06
    2.80,   0.17339E+05,   0.49041E-06
    3.00,   0.10876E+05,   0.54484E-06
    3.20,   0.68392E+04,   0.59609E-06
    3.40,   0.43052E+04,   0.64269E-06
    3.60,   0.27112E+04,   0.68328E-06
    3.80,   0.17090E+04,   0.71690E-06
    4.00,   0.10802E+04,   0.74367E-06
    4.20,   0.68690E+03,   0.76570E-06
    4.40,   0.44182E+03,   0.78832E-06
    4.60,   0.28942E+03,   0.82078E-06
    4.80,   0.19454E+03,   0.87550E-06
    5.00,   0.13504E+03,   0.96455E-06
    5.20,   0.97110E+02,   0.10943E-05
    5.40,   0.72227E+02,   0.12617E-05
    5.60,   0.55223E+02,   0.14553E-05
    5.80,   0.43021E+02,   0.16600E-05
    6.00,   0.33827E+02,   0.18625E-05
    6.20,   0.26619E+02,   0.20529E-05
    6.40,   0.20818E+02,   0.22253E-05
    6.60,   0.16095E+02,   0.23758E-05
    6.80,   0.12254E+02,   0.25020E-05
    7.00,   0.91611E+01,   0.26011E-05
    7.20,   0.67112E+01,   0.26702E-05
    7.40,   0.48119E+01,   0.27055E-05
    7.60,   0.33760E+01,   0.27035E-05
    7.80,   0.23209E+01,   0.26622E-05
    8.00,   0.15698E+01,   0.25860E-05
    8.20,   0.10534E+01,   0.24944E-05
    8.40,   0.71199E+00,   0.24347E-05
    8.60,   0.49561E+00,   0.24881E-05
    8.80,   0.36439E+00,   0.27419E-05
    9.00,   0.28782E+00,   0.32177E-05
    9.20,   0.24369E+00,   0.38305E-05
    9.40,   0.21678E+00,   0.44485E-05
    9.60,   0.19735E+00,   0.49811E-05
    9.80,   0.17987E+00,   0.53998E-05
   10.00,   0.16172E+00,   0.57118E-05
   10.20,   0.14219E+00,   0.59351E-05
   10.40,   0.12167E+00,   0.60852E-05
   10.60,   0.10106E+00,   0.61724E-05
   10.80,   0.81362E-01,   0.62015E-05
   11.00,   0.63433E-01,   0.61727E-05
   11.20,   0.47870E-01,   0.60833E-05
   11.40,   0.34975E-01,   0.59298E-05
   11.60,   0.24781E-01,   0.57132E-05
   11.80,   0.17108E-01,   0.54513E-05
   12.00,   0.11634E-01,   0.52022E-05
   12.20,   0.79590E-02,   0.50992E-05
   12.40,   0.56656E-02,   0.53538E-05
   12.60,   0.43604E-02,   0.61267E-05
   12.80,   0.37032E-02,   0.73005E-05
   13.00,   0.34215E-02,   0.85117E-05
   13.20,   0.33142E-02,   0.94743E-05
   13.40,   0.32464E-02,   0.10122E-04
   13.60,   0.31397E-02,   0.10512E-04
   13.80,   0.29596E-02,   0.10718E-04
   14.00,   0.27027E-02,   0.10795E-04
   14.20,   0.23848E-02,   0.10777E-04
   14.40,   0.20311E-02,   0.10682E-04
   14.60,   0.16690E-02,   0.10515E-04
   14.80,   0.13226E-02,   0.10276E-04
   15.00,   0.10107E-02,   0.99606E-05
 E=   1500.0000000000000     
    2.00,   0.10910E+06,   0.28503E-06
    2.20,   0.64974E+05,   0.34223E-06
    2.40,   0.39320E+05,   0.40071E-06
    2.60,   0.24053E+05,   0.45933E-06
    2.80,   0.14814E+05,   0.51679E-06
    3.00,   0.91596E+04,   0.57165E-06
    3.20,   0.56735E+04,   0.62230E-06
    3.40,   0.35164E+04,   0.66717E-06
    3.60,   0.21808E+04,   0.70492E-06
    3.80,   0.13552E+04,   0.73513E-06
    4.00,   0.84635E+03,   0.75916E-06
    4.20,   0.53398E+03,   0.78159E-06
    4.40,   0.34277E+03,   0.81132E-06
    4.60,   0.22572E+03,   0.86137E-06
    4.80,   0.15365E+03,   0.94563E-06
    5.00,   0.10858E+03,   0.10728E-05
    5.20,   0.79593E+02,   0.12414E-05
    5.40,   0.60146E+02,   0.14396E-05
    5.60,   0.46409E+02,   0.16511E-05
    5.80,   0.36184E+02,   0.18608E-05
    6.00,   0.28239E+02,   0.20578E-05
    6.20,   0.21890E+02,   0.22353E-05
    6.40,   0.16759E+02,   0.23893E-05
    6.60,   0.12616E+02,   0.25169E-05
    6.80,   0.93117E+01,   0.26152E-05
    7.00,   0.67234E+01,   0.26807E-05
    7.20,   0.47437E+01,   0.27094E-05
    7.40,   0.32706E+01,   0.26973E-05
    7.60,   0.22082E+01,   0.26435E-05
    7.80,   0.14682E+01,   0.25565E-05
    8.00,   0.97230E+00,   0.24658E-05
    8.20,   0.65398E+00,   0.24374E-05
    8.40,   0.45890E+00,   0.25698E-05
    8.60,   0.34472E+00,   0.29396E-05
    8.80,   0.28003E+00,   0.35168E-05
    9.00,   0.24282E+00,   0.41695E-05
    9.20,   0.21866E+00,   0.47676E-05
    9.40,   0.19900E+00,   0.52503E-05
    9.60,   0.17945E+00,   0.56133E-05
    9.80,   0.15845E+00,   0.58741E-05
   10.00,   0.13609E+00,   0.60515E-05
   10.20,   0.11330E+00,   0.61589E-05
   10.40,   0.91266E-01,   0.62032E-05
   10.60,   0.71044E-01,   0.61858E-05
   10.80,   0.53411E-01,   0.61041E-05
   11.00,   0.38785E-01,   0.59543E-05
   11.20,   0.27245E-01,   0.57364E-05
   11.40,   0.18602E-01,   0.54672E-05
   11.60,   0.12488E-01,   0.52072E-05
   11.80,   0.84328E-02,   0.51005E-05
   12.00,   0.59454E-02,   0.53802E-05
   12.20,   0.45638E-02,   0.62154E-05
   12.40,   0.38921E-02,   0.74522E-05
   12.60,   0.36179E-02,   0.86833E-05
   12.80,   0.35148E-02,   0.96247E-05
   13.00,   0.34361E-02,   0.10235E-04
   13.20,   0.33010E-02,   0.10587E-04
   13.40,   0.30788E-02,   0.10759E-04
   13.60,   0.27728E-02,   0.10805E-04
   13.80,   0.24059E-02,   0.10758E-04
   14.00,   0.20096E-02,   0.10631E-04
   14.20,   0.16152E-02,   0.10427E-04
   14.40,   0.12486E-02,   0.10144E-04
   14.60,   0.92841E-03,   0.97773E-05
   14.80,   0.66451E-03,   0.93292E-05
   15.00,   0.45944E-03,   0.88279E-05
 E=   1550.0000000000000     
    2.00,   0.97794E+05,   0.30373E-06
    2.20,   0.57622E+05,   0.36341E-06
    2.40,   0.34461E+05,   0.42403E-06
    2.60,   0.20811E+05,   0.48427E-06
    2.80,   0.12641E+05,   0.54263E-06
    3.00,   0.77013E+04,   0.59744E-06
    3.20,   0.46975E+04,   0.64691E-06
    3.40,   0.28667E+04,   0.68941E-06
    3.60,   0.17517E+04,   0.72389E-06
    3.80,   0.10744E+04,   0.75088E-06
    4.00,   0.66465E+03,   0.77388E-06
    4.20,   0.41764E+03,   0.80089E-06
    4.40,   0.26893E+03,   0.84498E-06
    4.60,   0.17904E+03,   0.92173E-06
    4.80,   0.12397E+03,   0.10428E-05
    5.00,   0.89308E+02,   0.12094E-05
    5.20,   0.66561E+02,   0.14104E-05
    5.40,   0.50806E+02,   0.16282E-05
    5.60,   0.39261E+02,   0.18456E-05
    5.80,   0.30394E+02,   0.20502E-05
    6.00,   0.23369E+02,   0.22342E-05
    6.20,   0.17731E+02,   0.23933E-05
    6.40,   0.13214E+02,   0.25240E-05
    6.60,   0.96403E+01,   0.26233E-05
    6.80,   0.68694E+01,   0.26872E-05
    7.00,   0.47753E+01,   0.27111E-05
    7.20,   0.32395E+01,   0.26911E-05
    7.40,   0.21507E+01,   0.26273E-05
    7.60,   0.14076E+01,   0.25325E-05
    7.80,   0.92139E+00,   0.24478E-05
    8.00,   0.61786E+00,   0.24575E-05
    8.20,   0.43761E+00,   0.26719E-05
    8.40,   0.33544E+00,   0.31438E-05
    8.60,   0.27876E+00,   0.37905E-05
    8.80,   0.24556E+00,   0.44535E-05
    9.00,   0.22215E+00,   0.50195E-05
    9.20,   0.20097E+00,   0.54552E-05
    9.40,   0.17871E+00,   0.57714E-05
    9.60,   0.15471E+00,   0.59900E-05
    9.80,   0.12972E+00,   0.61287E-05
   10.00,   0.10507E+00,   0.61978E-05
   10.20,   0.82083E-01,   0.62009E-05
   10.40,   0.61796E-01,   0.61366E-05
   10.60,   0.44825E-01,   0.60006E-05
   10.80,   0.31363E-01,   0.57909E-05
   11.00,   0.21257E-01,   0.55202E-05
   11.20,   0.14107E-01,   0.52423E-05
   11.40,   0.93779E-02,   0.50986E-05
   11.60,   0.64929E-02,   0.53365E-05
   11.80,   0.49053E-02,   0.61610E-05
   12.00,   0.41451E-02,   0.74312E-05
   12.20,   0.38421E-02,   0.87045E-05
   12.40,   0.37310E-02,   0.96672E-05
   12.60,   0.36420E-02,   0.10279E-04
   12.80,   0.34848E-02,   0.10621E-04
   13.00,   0.32279E-02,   0.10779E-04
   13.20,   0.28788E-02,   0.10810E-04
   13.40,   0.24670E-02,   0.10743E-04
   13.60,   0.20295E-02,   0.10592E-04
   13.80,   0.16022E-02,   0.10360E-04
   14.00,   0.12134E-02,   0.10041E-04
   14.20,   0.88161E-03,   0.96325E-05
   14.40,   0.61554E-03,   0.91428E-05
   14.60,   0.41536E-03,   0.86244E-05
   14.80,   0.27496E-03,   0.82353E-05
   15.00,   0.18439E-03,   0.83199E-05
 E=   1600.0000000000000     
    2.00,   0.87682E+05,   0.32266E-06
    2.20,   0.51095E+05,   0.38471E-06
    2.40,   0.30187E+05,   0.44730E-06
    2.60,   0.17989E+05,   0.50889E-06
    2.80,   0.10772E+05,   0.56776E-06
    3.00,   0.64642E+04,   0.62201E-06
    3.20,   0.38822E+04,   0.66970E-06
    3.40,   0.23333E+04,   0.70927E-06
    3.60,   0.14059E+04,   0.74034E-06
    3.80,   0.85277E+03,   0.76509E-06
    4.00,   0.52422E+03,   0.79013E-06
    4.20,   0.32959E+03,   0.82780E-06
    4.40,   0.21406E+03,   0.89480E-06
    4.60,   0.14476E+03,   0.10062E-05
    4.80,   0.10217E+03,   0.11670E-05
    5.00,   0.74904E+02,   0.13681E-05
    5.20,   0.56466E+02,   0.15911E-05
    5.40,   0.43220E+02,   0.18166E-05
    5.60,   0.33192E+02,   0.20299E-05
    5.80,   0.25330E+02,   0.22221E-05
    6.00,   0.19067E+02,   0.23879E-05
    6.20,   0.14084E+02,   0.25236E-05
    6.40,   0.10171E+02,   0.26259E-05
    6.60,   0.71626E+01,   0.26904E-05
    6.80,   0.49129E+01,   0.27120E-05
    7.00,   0.32838E+01,   0.26866E-05
    7.20,   0.21464E+01,   0.26152E-05
    7.40,   0.13841E+01,   0.25151E-05
    7.60,   0.89619E+00,   0.24386E-05
    7.80,   0.59932E+00,   0.24875E-05
    8.00,   0.42806E+00,   0.27781E-05
    8.20,   0.33368E+00,   0.33328E-05
    8.40,   0.28199E+00,   0.40237E-05
    8.60,   0.25070E+00,   0.46814E-05
    8.80,   0.22666E+00,   0.52143E-05
    9.00,   0.20319E+00,   0.56098E-05
    9.20,   0.17792E+00,   0.58880E-05
    9.40,   0.15095E+00,   0.60717E-05
    9.60,   0.12358E+00,   0.61767E-05
    9.80,   0.97421E-01,   0.62103E-05
   10.00,   0.73855E-01,   0.61733E-05
   10.20,   0.53815E-01,   0.60617E-05
   10.40,   0.37709E-01,   0.58716E-05
   10.60,   0.25490E-01,   0.56090E-05
   10.80,   0.16772E-01,   0.53143E-05
   11.00,   0.10966E-01,   0.51098E-05
   11.20,   0.74010E-02,   0.52419E-05
   11.40,   0.54276E-02,   0.59724E-05
   11.60,   0.44769E-02,   0.72365E-05
   11.80,   0.40975E-02,   0.85755E-05
   12.00,   0.39641E-02,   0.96073E-05
   12.20,   0.38684E-02,   0.10262E-04
   12.40,   0.36993E-02,   0.10623E-04
   12.60,   0.34181E-02,   0.10787E-04
   12.80,   0.30333E-02,   0.10815E-04
   13.00,   0.25796E-02,   0.10740E-04
   13.20,   0.21003E-02,   0.10576E-04
   13.40,   0.16365E-02,   0.10324E-04
   13.60,   0.12199E-02,   0.99796E-05
   13.80,   0.87013E-03,   0.95390E-05
   14.00,   0.59537E-03,   0.90186E-05
   14.20,   0.39390E-03,   0.84956E-05
   14.40,   0.25720E-03,   0.81907E-05
   14.60,   0.17288E-03,   0.85427E-05
   14.80,   0.12726E-03,   0.99818E-05
   15.00,   0.10739E-03,   0.12235E-04
 E=   1650.0000000000000     
    2.00,   0.78623E+05,   0.34176E-06
    2.20,   0.45294E+05,   0.40608E-06
    2.40,   0.26425E+05,   0.47043E-06
    2.60,   0.15532E+05,   0.53308E-06
    2.80,   0.91654E+04,   0.59203E-06
    3.00,   0.54166E+04,   0.64517E-06
    3.20,   0.32030E+04,   0.69049E-06
    3.40,   0.18968E+04,   0.72675E-06
    3.60,   0.11286E+04,   0.75477E-06
    3.80,   0.67869E+03,   0.77930E-06
    4.00,   0.41624E+03,   0.81112E-06
    4.20,   0.26319E+03,   0.86710E-06
    4.40,   0.17328E+03,   0.96538E-06
    4.60,   0.11938E+03,   0.11160E-05
    4.80,   0.85820E+02,   0.13136E-05
    5.00,   0.63752E+02,   0.15400E-05
    5.20,   0.48280E+02,   0.17734E-05
    5.40,   0.36780E+02,   0.19965E-05
    5.60,   0.27874E+02,   0.21984E-05
    5.80,   0.20840E+02,   0.23728E-05
    6.00,   0.15278E+02,   0.25157E-05
    6.20,   0.10937E+02,   0.26232E-05
    6.40,   0.76246E+01,   0.26907E-05
    6.60,   0.51683E+01,   0.27128E-05
    6.80,   0.34086E+01,   0.26847E-05
    7.00,   0.21960E+01,   0.26082E-05
    7.20,   0.13962E+01,   0.25042E-05
    7.40,   0.89411E+00,   0.24353E-05
    7.60,   0.59559E+00,   0.25187E-05
    7.80,   0.42782E+00,   0.28736E-05
    8.00,   0.33759E+00,   0.34923E-05
    8.20,   0.28851E+00,   0.42108E-05
    8.40,   0.25762E+00,   0.48581E-05
    8.60,   0.23205E+00,   0.53623E-05
    8.80,   0.20584E+00,   0.57257E-05
    9.00,   0.17743E+00,   0.59734E-05
    9.20,   0.14759E+00,   0.61281E-05
    9.40,   0.11807E+00,   0.62033E-05
    9.60,   0.90666E-01,   0.62037E-05
    9.80,   0.66766E-01,   0.61273E-05
   10.00,   0.47142E-01,   0.59690E-05
   10.20,   0.31974E-01,   0.57284E-05
   10.40,   0.20967E-01,   0.54288E-05
   10.60,   0.13514E-01,   0.51607E-05
   10.80,   0.88602E-02,   0.51432E-05
   11.00,   0.62315E-02,   0.56880E-05
   11.20,   0.49327E-02,   0.68728E-05
   11.40,   0.43994E-02,   0.82828E-05
   11.60,   0.42173E-02,   0.94330E-05
   11.80,   0.41165E-02,   0.10177E-04
   12.00,   0.39486E-02,   0.10591E-04
   12.20,   0.36571E-02,   0.10782E-04
   12.40,   0.32464E-02,   0.10822E-04
   12.60,   0.27544E-02,   0.10752E-04
   12.80,   0.22315E-02,   0.10585E-04
   13.00,   0.17252E-02,   0.10325E-04
   13.20,   0.12724E-02,   0.99656E-05
   13.40,   0.89563E-03,   0.95042E-05
   13.60,   0.60336E-03,   0.89613E-05
   13.80,   0.39283E-03,   0.84328E-05
   14.00,   0.25343E-03,   0.81902E-05
   14.20,   0.17037E-03,   0.87435E-05
   14.40,   0.12781E-03,   0.10476E-04
   14.60,   0.11112E-03,   0.12859E-04
   14.80,   0.10829E-03,   0.14825E-04
   15.00,   0.11050E-03,   0.15939E-04
 E=   1700.0000000000000     
    2.00,   0.70499E+05,   0.36101E-06
    2.20,   0.40137E+05,   0.42746E-06
    2.40,   0.23113E+05,   0.49335E-06
    2.60,   0.13396E+05,   0.55671E-06
    2.80,   0.77872E+04,   0.61528E-06
    3.00,   0.45313E+04,   0.66675E-06
    3.20,   0.26389E+04,   0.70917E-06
    3.40,   0.15412E+04,   0.74204E-06
    3.60,   0.90714E+03,   0.76808E-06
    3.80,   0.54261E+03,   0.79576E-06
    4.00,   0.33355E+03,   0.84077E-06
    4.20,   0.21319E+03,   0.92334E-06
    4.40,   0.14282E+03,   0.10591E-05
    4.60,   0.10029E+03,   0.12484E-05
    4.80,   0.73192E+02,   0.14752E-05
    5.00,   0.54749E+02,   0.17158E-05
    5.20,   0.41352E+02,   0.19494E-05
    5.40,   0.31136E+02,   0.21626E-05
    5.60,   0.23143E+02,   0.23476E-05
    5.80,   0.16864E+02,   0.24998E-05
    6.00,   0.11988E+02,   0.26150E-05
    6.20,   0.82864E+01,   0.26882E-05
    6.40,   0.55606E+01,   0.27136E-05
    6.60,   0.36242E+01,   0.26859E-05
    6.80,   0.23040E+01,   0.26068E-05
    7.00,   0.14449E+01,   0.24996E-05
    7.20,   0.91439E+00,   0.24347E-05
    7.40,   0.60523E+00,   0.25432E-05
    7.60,   0.43545E+00,   0.29474E-05
    7.80,   0.34609E+00,   0.36142E-05
    8.00,   0.29768E+00,   0.43518E-05
    8.20,   0.26610E+00,   0.49902E-05
    8.40,   0.23842E+00,   0.54726E-05
    8.60,   0.20922E+00,   0.58115E-05
    8.80,   0.17763E+00,   0.60353E-05
    9.00,   0.14501E+00,   0.61660E-05
    9.20,   0.11348E+00,   0.62148E-05
    9.40,   0.84996E-01,   0.61840E-05
    9.60,   0.60879E-01,   0.60695E-05
    9.80,   0.41723E-01,   0.58667E-05
   10.00,   0.27466E-01,   0.55831E-05
   10.20,   0.17568E-01,   0.52728E-05
   10.40,   0.11218E-01,   0.51009E-05
   10.60,   0.75162E-02,   0.53830E-05
   10.80,   0.56113E-02,   0.63689E-05
   11.00,   0.47865E-02,   0.78051E-05
   11.20,   0.44995E-02,   0.91140E-05
   11.40,   0.43845E-02,   0.10005E-04
   11.60,   0.42308E-02,   0.10513E-04
   11.80,   0.39473E-02,   0.10757E-04
   12.00,   0.35249E-02,   0.10828E-04
   12.20,   0.30014E-02,   0.10774E-04
   12.40,   0.24336E-02,   0.10618E-04
   12.60,   0.18779E-02,   0.10362E-04
   12.80,   0.13784E-02,   0.10001E-04
   13.00,   0.96268E-03,   0.95314E-05
   13.20,   0.64165E-03,   0.89727E-05
   13.40,   0.41239E-03,   0.84271E-05
   13.60,   0.26268E-03,   0.81930E-05
   13.80,   0.17536E-03,   0.88331E-05
   14.00,   0.13215E-03,   0.10722E-04
   14.20,   0.11640E-03,   0.13184E-04
   14.40,   0.11464E-03,   0.15089E-04
   14.60,   0.11726E-03,   0.16093E-04
   14.80,   0.11834E-03,   0.16433E-04
   15.00,   0.11509E-03,   0.16379E-04
 E=   1750.0000000000000     
    2.00,   0.63207E+05,   0.38037E-06
    2.20,   0.35549E+05,   0.44878E-06
    2.40,   0.20199E+05,   0.51597E-06
    2.60,   0.11539E+05,   0.57966E-06
    2.80,   0.66064E+04,   0.63735E-06
    3.00,   0.37851E+04,   0.68659E-06
    3.20,   0.21718E+04,   0.72575E-06
    3.40,   0.12525E+04,   0.75558E-06
    3.60,   0.73113E+03,   0.78174E-06
    3.80,   0.43672E+03,   0.81744E-06
    4.00,   0.27040E+03,   0.88324E-06
    4.20,   0.17547E+03,   0.99978E-06
    4.40,   0.11981E+03,   0.11752E-05
    4.60,   0.85577E+02,   0.13979E-05
    4.80,   0.63067E+02,   0.16436E-05
    5.00,   0.47176E+02,   0.18879E-05
    5.20,   0.35293E+02,   0.21137E-05
    5.40,   0.26104E+02,   0.23113E-05
    5.60,   0.18931E+02,   0.24750E-05
    5.80,   0.13385E+02,   0.26004E-05
    6.00,   0.91920E+01,   0.26822E-05
    6.20,   0.61180E+01,   0.27141E-05
    6.40,   0.39475E+01,   0.26902E-05
    6.60,   0.24795E+01,   0.26112E-05
    6.80,   0.15342E+01,   0.25010E-05
    7.00,   0.95814E+00,   0.24349E-05
    7.20,   0.62804E+00,   0.25555E-05
    7.40,   0.45034E+00,   0.29919E-05
    7.60,   0.35863E+00,   0.36944E-05
    7.80,   0.30924E+00,   0.44488E-05
    8.00,   0.27615E+00,   0.50835E-05
    8.20,   0.24600E+00,   0.55520E-05
    8.40,   0.21368E+00,   0.58740E-05
    8.60,   0.17889E+00,   0.60798E-05
    8.80,   0.14353E+00,   0.61908E-05
    9.00,   0.11005E+00,   0.62164E-05
    9.20,   0.80519E-01,   0.61567E-05
    9.40,   0.56188E-01,   0.60063E-05
    9.60,   0.37455E-01,   0.57627E-05
    9.80,   0.24009E-01,   0.54480E-05
   10.00,   0.15075E-01,   0.51618E-05
   10.20,   0.96514E-02,   0.51606E-05
   10.40,   0.67129E-02,   0.58079E-05
   10.60,   0.53488E-02,   0.71380E-05
   10.80,   0.48380E-02,   0.86052E-05
   11.00,   0.46717E-02,   0.97067E-05
   11.20,   0.45379E-02,   0.10365E-04
   11.40,   0.42841E-02,   0.10699E-04
   11.60,   0.38711E-02,   0.10822E-04
   11.80,   0.33287E-02,   0.10801E-04
   12.00,   0.27185E-02,   0.10668E-04
   12.20,   0.21069E-02,   0.10429E-04
   12.40,   0.15487E-02,   0.10082E-04
   12.60,   0.10799E-02,   0.96181E-05
   12.80,   0.71598E-03,   0.90529E-05
   13.00,   0.45579E-03,   0.84779E-05
   13.20,   0.28625E-03,   0.81868E-05
   13.40,   0.18794E-03,   0.87733E-05
   13.60,   0.13984E-03,   0.10682E-04
   13.80,   0.12270E-03,   0.13220E-04
   14.00,   0.12102E-03,   0.15163E-04
   14.20,   0.12388E-03,   0.16158E-04
   14.40,   0.12471E-03,   0.16469E-04
   14.60,   0.12053E-03,   0.16382E-04
   14.80,   0.11096E-03,   0.16057E-04
   15.00,   0.97173E-04,   0.15562E-04
 E=   1800.0000000000000     
    2.00,   0.56658E+05,   0.39979E-06
    2.20,   0.31468E+05,   0.47000E-06
    2.40,   0.17636E+05,   0.53819E-06
    2.60,   0.99274E+04,   0.60181E-06
    2.80,   0.55966E+04,   0.65809E-06
    3.00,   0.31576E+04,   0.70459E-06
    3.20,   0.17864E+04,   0.74035E-06
    3.40,   0.10191E+04,   0.76816E-06
    3.60,   0.59183E+03,   0.79775E-06
    3.80,   0.35459E+03,   0.84782E-06
    4.00,   0.22219E+03,   0.94221E-06
    4.20,   0.14682E+03,   0.10974E-05
    4.40,   0.10213E+03,   0.13099E-05
    4.60,   0.73881E+02,   0.15571E-05
    4.80,   0.54626E+02,   0.18112E-05
    5.00,   0.40585E+02,   0.20507E-05
    5.20,   0.29888E+02,   0.22627E-05
    5.40,   0.21601E+02,   0.24402E-05
    5.60,   0.15217E+02,   0.25784E-05
    5.80,   0.10402E+02,   0.26717E-05
    6.00,   0.68807E+01,   0.27134E-05
    6.20,   0.44034E+01,   0.26968E-05
    6.40,   0.27369E+01,   0.26212E-05
    6.60,   0.16714E+01,   0.25085E-05
    6.80,   0.10286E+01,   0.24351E-05
    7.00,   0.66508E+00,   0.25528E-05
    7.20,   0.47260E+00,   0.30032E-05
    7.40,   0.37509E+00,   0.37313E-05
    7.60,   0.32314E+00,   0.45038E-05
    7.80,   0.28792E+00,   0.51425E-05
    8.00,   0.25508E+00,   0.56056E-05
    8.20,   0.21958E+00,   0.59178E-05
    8.40,   0.18156E+00,   0.61113E-05
    8.60,   0.14342E+00,   0.62069E-05
    8.80,   0.10794E+00,   0.62127E-05
    9.00,   0.77291E-01,   0.61270E-05
    9.20,   0.52651E-01,   0.59437E-05
    9.40,   0.34217E-01,   0.56645E-05
    9.60,   0.21436E-01,   0.53330E-05
    9.80,   0.13299E-01,   0.51084E-05
   10.00,   0.86273E-02,   0.53381E-05
   10.20,   0.62832E-02,   0.63438E-05
   10.40,   0.53096E-02,   0.78629E-05
   10.60,   0.49912E-02,   0.92229E-05
   10.80,   0.48583E-02,   0.10109E-04
   11.00,   0.46535E-02,   0.10585E-04
   11.20,   0.42787E-02,   0.10791E-04
   11.40,   0.37399E-02,   0.10822E-04
   11.60,   0.30972E-02,   0.10725E-04
   11.80,   0.24273E-02,   0.10517E-04
   12.00,   0.17991E-02,   0.10196E-04
   12.20,   0.12608E-02,   0.97549E-05
   12.40,   0.83679E-03,   0.91980E-05
   12.60,   0.53009E-03,   0.85936E-05
   12.80,   0.32829E-03,   0.81951E-05
   13.00,   0.21016E-03,   0.85879E-05
   13.20,   0.15160E-03,   0.10356E-04
   13.40,   0.13009E-03,   0.12956E-04
   13.60,   0.12734E-03,   0.15043E-04
   13.80,   0.13036E-03,   0.16131E-04
   14.00,   0.13136E-03,   0.16481E-04
   14.20,   0.12682E-03,   0.16404E-04
   14.40,   0.11629E-03,   0.16072E-04
   14.60,   0.10115E-03,   0.15558E-04
   14.80,   0.83563E-04,   0.14875E-04
   15.00,   0.65682E-04,   0.14011E-04
 E=   1850.0000000000000     
    2.00,   0.50772E+05,   0.41923E-06
    2.20,   0.27837E+05,   0.49103E-06
    2.40,   0.15383E+05,   0.55992E-06
    2.60,   0.85296E+04,   0.62302E-06
    2.80,   0.47346E+04,   0.67737E-06
    3.00,   0.26314E+04,   0.72073E-06
    3.20,   0.14695E+04,   0.75334E-06
    3.40,   0.83113E+03,   0.78102E-06
    3.60,   0.48201E+03,   0.81871E-06
    3.80,   0.29103E+03,   0.89045E-06
    4.00,   0.18528E+03,   0.10200E-05
    4.20,   0.12481E+03,   0.12146E-05
    4.40,   0.88185E+02,   0.14575E-05
    4.60,   0.64243E+02,   0.17190E-05
    4.80,   0.47339E+02,   0.19723E-05
    5.00,   0.34714E+02,   0.22004E-05
    5.20,   0.25030E+02,   0.23940E-05
    5.40,   0.17597E+02,   0.25474E-05
    5.60,   0.11997E+02,   0.26551E-05
    5.80,   0.79044E+01,   0.27100E-05
    6.00,   0.50282E+01,   0.27047E-05
    6.20,   0.30978E+01,   0.26362E-05
    6.40,   0.18688E+01,   0.25225E-05
    6.60,   0.11319E+01,   0.24367E-05
    6.80,   0.71896E+00,   0.25358E-05
    7.00,   0.50317E+00,   0.29800E-05
    7.20,   0.39575E+00,   0.37240E-05
    7.40,   0.33956E+00,   0.45180E-05
    7.60,   0.30164E+00,   0.51696E-05
    7.80,   0.26599E+00,   0.56363E-05
    8.00,   0.22727E+00,   0.59460E-05
    8.20,   0.18597E+00,   0.61328E-05
    8.40,   0.14493E+00,   0.62177E-05
    8.60,   0.10729E+00,   0.62077E-05
    8.80,   0.75352E-01,   0.60995E-05
    9.00,   0.50217E-01,   0.58870E-05
    9.20,   0.31896E-01,   0.55784E-05
    9.40,   0.19596E-01,   0.52443E-05
    9.60,   0.12081E-01,   0.51135E-05
    9.80,   0.79982E-02,   0.56035E-05
   10.00,   0.61049E-02,   0.69036E-05
   10.20,   0.54037E-02,   0.84756E-05
   10.40,   0.51894E-02,   0.96771E-05
   10.60,   0.50329E-02,   0.10379E-04
   10.80,   0.47288E-02,   0.10717E-04
   11.00,   0.42288E-02,   0.10825E-04
   11.20,   0.35766E-02,   0.10779E-04
   11.40,   0.28551E-02,   0.10612E-04
   11.60,   0.21493E-02,   0.10331E-04
   11.80,   0.15250E-02,   0.99265E-05
   12.00,   0.10205E-02,   0.93964E-05
   12.20,   0.64755E-03,   0.87794E-05
   12.40,   0.39689E-03,   0.82625E-05
   12.60,   0.24664E-03,   0.83615E-05
   12.80,   0.16964E-03,   0.97997E-05
   13.00,   0.13936E-03,   0.12381E-04
   13.20,   0.13369E-03,   0.14695E-04
   13.40,   0.13662E-03,   0.15980E-04
   13.60,   0.13829E-03,   0.16440E-04
   13.80,   0.13410E-03,   0.16418E-04
   14.00,   0.12321E-03,   0.16115E-04
   14.20,   0.10707E-03,   0.15614E-04
   14.40,   0.88103E-04,   0.14931E-04
   14.60,   0.68785E-04,   0.14050E-04
   14.80,   0.51080E-04,   0.12939E-04
   15.00,   0.36213E-04,   0.11582E-04
 E=   1900.0000000000000     
    2.00,   0.45481E+05,   0.43866E-06
    2.20,   0.24608E+05,   0.51182E-06
    2.40,   0.13403E+05,   0.58105E-06
    2.60,   0.73193E+04,   0.64316E-06
    2.80,   0.40004E+04,   0.69508E-06
    3.00,   0.21914E+04,   0.73508E-06
    3.20,   0.12099E+04,   0.76532E-06
    3.40,   0.68039E+03,   0.79584E-06
    3.60,   0.39571E+03,   0.84761E-06
    3.80,   0.24185E+03,   0.94838E-06
    4.00,   0.15683E+03,   0.11170E-05
    4.20,   0.10756E+03,   0.13473E-05
    4.40,   0.76844E+02,   0.16115E-05
    4.60,   0.56020E+02,   0.18776E-05
    4.80,   0.40880E+02,   0.21228E-05
    5.00,   0.29425E+02,   0.23345E-05
    5.20,   0.20677E+02,   0.25057E-05
    5.40,   0.14087E+02,   0.26305E-05
    5.60,   0.92653E+01,   0.27021E-05
    5.80,   0.58723E+01,   0.27119E-05
    6.00,   0.35938E+01,   0.26548E-05
    6.20,   0.21444E+01,   0.25433E-05
    6.40,   0.12776E+01,   0.24423E-05
    6.60,   0.79421E+00,   0.25081E-05
    6.80,   0.54391E+00,   0.29243E-05
    7.00,   0.42131E+00,   0.36721E-05
    7.20,   0.35879E+00,   0.44912E-05
    7.40,   0.31758E+00,   0.51657E-05
    7.60,   0.27904E+00,   0.56454E-05
    7.80,   0.23711E+00,   0.59602E-05
    8.00,   0.19243E+00,   0.61465E-05
    8.20,   0.14831E+00,   0.62258E-05
    8.40,   0.10826E+00,   0.62045E-05
    8.60,   0.74746E-01,   0.60783E-05
    8.80,   0.48849E-01,   0.58411E-05
    9.00,   0.30400E-01,   0.55089E-05
    9.20,   0.18370E-01,   0.51831E-05
    9.40,   0.11299E-01,   0.51651E-05
    9.60,   0.76561E-02,   0.59105E-05
    9.80,   0.60939E-02,   0.74202E-05
   10.00,   0.55750E-02,   0.89623E-05
   10.20,   0.54034E-02,   0.10007E-04
   10.40,   0.51884E-02,   0.10562E-04
   10.60,   0.47728E-02,   0.10794E-04
   10.80,   0.41523E-02,   0.10824E-04
   11.00,   0.34019E-02,   0.10711E-04
   11.20,   0.26210E-02,   0.10476E-04
   11.40,   0.18975E-02,   0.10119E-04
   11.60,   0.12908E-02,   0.96314E-05
   11.80,   0.82722E-03,   0.90284E-05
   12.00,   0.50566E-03,   0.84239E-05
   12.20,   0.30596E-03,   0.82090E-05
   12.40,   0.19858E-03,   0.91452E-05
   12.60,   0.15249E-03,   0.11518E-04
   12.80,   0.14061E-03,   0.14082E-04
   13.00,   0.14256E-03,   0.15668E-04
   13.20,   0.14533E-03,   0.16306E-04
   13.40,   0.14235E-03,   0.16379E-04
   13.60,   0.13189E-03,   0.16135E-04
   13.80,   0.11522E-03,   0.15679E-04
   14.00,   0.95002E-04,   0.15034E-04
   14.20,   0.74087E-04,   0.14181E-04
   14.40,   0.54789E-04,   0.13083E-04
   14.60,   0.38568E-04,   0.11710E-04
   14.80,   0.26026E-04,   0.10095E-04
   15.00,   0.17073E-04,   0.84605E-05
 E=   1950.0000000000000     
    2.00,   0.40723E+05,   0.45802E-06
    2.20,   0.21736E+05,   0.53230E-06
    2.40,   0.11666E+05,   0.60149E-06
    2.60,   0.62729E+04,   0.66213E-06
    2.80,   0.33765E+04,   0.71118E-06
    3.00,   0.18247E+04,   0.74787E-06
    3.20,   0.99792E+03,   0.77723E-06
    3.40,   0.55992E+03,   0.81477E-06
    3.60,   0.32800E+03,   0.88750E-06
    3.80,   0.20367E+03,   0.10235E-05
    4.00,   0.13462E+03,   0.12312E-05
    4.20,   0.93716E+02,   0.14904E-05
    4.40,   0.67312E+02,   0.17660E-05
    4.60,   0.48796E+02,   0.20284E-05
    4.80,   0.35063E+02,   0.22599E-05
    5.00,   0.24654E+02,   0.24512E-05
    5.20,   0.16817E+02,   0.25959E-05
    5.40,   0.11067E+02,   0.26871E-05
    5.60,   0.70060E+01,   0.27160E-05
    5.80,   0.42700E+01,   0.26750E-05
    6.00,   0.25251E+01,   0.25705E-05
    6.20,   0.14803E+01,   0.24551E-05
    6.40,   0.89814E+00,   0.24765E-05
    6.60,   0.59806E+00,   0.28412E-05
    6.80,   0.45302E+00,   0.35762E-05
    7.00,   0.38131E+00,   0.44219E-05
    7.20,   0.33602E+00,   0.51295E-05
    7.40,   0.29456E+00,   0.56325E-05
    7.60,   0.24945E+00,   0.59605E-05
    7.80,   0.20129E+00,   0.61527E-05
    8.00,   0.15383E+00,   0.62322E-05
    8.20,   0.11101E+00,   0.62053E-05
    8.40,   0.75544E-01,   0.60666E-05
    8.60,   0.48535E-01,   0.58100E-05
    8.80,   0.29663E-01,   0.54589E-05
    9.00,   0.17669E-01,   0.51462E-05
    9.20,   0.10859E-01,   0.52421E-05
    9.40,   0.75210E-02,   0.62121E-05
    9.60,   0.61923E-02,   0.78577E-05
    9.80,   0.57893E-02,   0.93377E-05
   10.00,   0.56203E-02,   0.10251E-04
   10.20,   0.53281E-02,   0.10695E-04
   10.40,   0.47989E-02,   0.10845E-04
   10.60,   0.40667E-02,   0.10808E-04
   10.80,   0.32327E-02,   0.10630E-04
   11.00,   0.24078E-02,   0.10326E-04
   11.20,   0.16794E-02,   0.98902E-05
   11.40,   0.10977E-02,   0.93227E-05
   11.60,   0.67684E-03,   0.86792E-05
   11.80,   0.40334E-03,   0.82092E-05
   12.00,   0.24752E-03,   0.85659E-05
   12.20,   0.17402E-03,   0.10457E-04
   12.40,   0.14972E-03,   0.13181E-04
   12.60,   0.14833E-03,   0.15174E-04
   12.80,   0.15207E-03,   0.16075E-04
   13.00,   0.15118E-03,   0.16275E-04
   13.20,   0.14217E-03,   0.16100E-04
   13.40,   0.12572E-03,   0.15699E-04
   13.60,   0.10456E-03,   0.15113E-04
   13.80,   0.81960E-04,   0.14328E-04
   14.00,   0.60719E-04,   0.13297E-04
   14.20,   0.42675E-04,   0.11975E-04
   14.40,   0.28651E-04,   0.10362E-04
   14.60,   0.18634E-04,   0.86396E-05
   14.80,   0.12058E-04,   0.73908E-05
   15.00,   0.80996E-05,   0.77288E-05
 E=   2000.0000000000000     
    2.00,   0.36444E+05,   0.47726E-06
    2.20,   0.19183E+05,   0.55238E-06
    2.40,   0.10143E+05,   0.62114E-06
    2.60,   0.53699E+04,   0.67982E-06
    2.80,   0.28476E+04,   0.72566E-06
    3.00,   0.15199E+04,   0.75949E-06
    3.20,   0.82550E+03,   0.79039E-06
    3.40,   0.46391E+03,   0.84031E-06
    3.60,   0.27490E+03,   0.94103E-06
    3.80,   0.17385E+03,   0.11159E-05
    4.00,   0.11698E+03,   0.13591E-05
    4.20,   0.82275E+02,   0.16381E-05
    4.40,   0.59051E+02,   0.19162E-05
    4.60,   0.42317E+02,   0.21685E-05
    4.80,   0.29791E+02,   0.23819E-05
    5.00,   0.20378E+02,   0.25488E-05
    5.20,   0.13448E+02,   0.26625E-05
    5.40,   0.85258E+01,   0.27140E-05
    5.60,   0.51896E+01,   0.26941E-05
    5.80,   0.30497E+01,   0.26027E-05
    6.00,   0.17621E+01,   0.24778E-05
    6.20,   0.10421E+01,   0.24495E-05
    6.40,   0.67082E+00,   0.27397E-05
    6.60,   0.49298E+00,   0.34385E-05
    6.80,   0.40790E+00,   0.43078E-05
    7.00,   0.35733E+00,   0.50580E-05
    7.20,   0.31284E+00,   0.55951E-05
    7.40,   0.26463E+00,   0.59451E-05
    7.60,   0.21290E+00,   0.61504E-05
    7.80,   0.16178E+00,   0.62367E-05
    8.00,   0.11575E+00,   0.62107E-05
    8.20,   0.77861E-01,   0.60662E-05
    8.40,   0.49308E-01,   0.57965E-05
    8.60,   0.29660E-01,   0.54301E-05
    8.80,   0.17436E-01,   0.51274E-05
    9.00,   0.10700E-01,   0.53196E-05
    9.20,   0.75395E-02,   0.64682E-05
    9.40,   0.63637E-02,   0.81999E-05
    9.60,   0.60288E-02,   0.96202E-05
    9.80,   0.58381E-02,   0.10436E-04
   10.00,   0.54610E-02,   0.10802E-04
   10.20,   0.48213E-02,   0.10889E-04
   10.40,   0.39870E-02,   0.10794E-04
   10.60,   0.30811E-02,   0.10555E-04
   10.80,   0.22229E-02,   0.10178E-04
   11.00,   0.14966E-02,   0.96608E-05
   11.20,   0.94269E-03,   0.90208E-05
   11.40,   0.56267E-03,   0.83907E-05
   11.60,   0.33179E-03,   0.82251E-05
   11.80,   0.21224E-03,   0.93848E-05
   12.00,   0.16445E-03,   0.12007E-04
   12.20,   0.15452E-03,   0.14501E-04
   12.40,   0.15788E-03,   0.15803E-04
   12.60,   0.15973E-03,   0.16174E-04
   12.80,   0.15349E-03,   0.16056E-04
   13.00,   0.13840E-03,   0.15682E-04
   13.20,   0.11695E-03,   0.15132E-04
   13.40,   0.92783E-04,   0.14410E-04
   13.60,   0.69302E-04,   0.13473E-04
   13.80,   0.48913E-04,   0.12261E-04
   14.00,   0.32828E-04,   0.10740E-04
   14.20,   0.21223E-04,   0.90036E-05
   14.40,   0.13559E-04,   0.75104E-05
   14.60,   0.89371E-05,   0.73201E-05
   14.80,   0.63867E-05,   0.96513E-05
   15.00,   0.50639E-05,   0.14435E-04
